    0.025  0.205E+00  0.752E+01  0.000E+00  0.968E-01  0.262E+01  0.000E+00
    0.075  0.548E+00  0.951E+02  0.000E+00  0.114E+01  0.467E+02  0.000E+00
    0.125  0.143E+01  0.168E+03  0.000E+00  0.251E+01  0.107E+03  0.000E+00
    0.175  0.229E+01  0.196E+03  0.000E+00  0.645E+01  0.181E+03  0.000E+00
    0.225  0.290E+01  0.211E+03  0.000E+00  0.146E+02  0.259E+03  0.000E+00
    0.275  0.395E+01  0.247E+03  0.000E+00  0.229E+02  0.333E+03  0.000E+00
    0.325  0.532E+01  0.297E+03  0.000E+00  0.260E+02  0.410E+03  0.000E+00
    0.375  0.635E+01  0.366E+03  0.000E+00  0.307E+02  0.491E+03  0.000E+00
    0.425  0.719E+01  0.450E+03  0.000E+00  0.402E+02  0.583E+03  0.000E+00
    0.475  0.865E+01  0.526E+03  0.000E+00  0.452E+02  0.706E+03  0.000E+00
    0.525  0.108E+02  0.597E+03  0.000E+00  0.490E+02  0.885E+03  0.000E+00
    0.575  0.117E+02  0.668E+03  0.000E+00  0.577E+02  0.112E+04  0.000E+00
    0.625  0.115E+02  0.725E+03  0.000E+00  0.640E+02  0.140E+04  0.000E+00
    0.675  0.112E+02  0.788E+03  0.000E+00  0.674E+02  0.172E+04  0.000E+00
    0.725  0.110E+02  0.884E+03  0.000E+00  0.716E+02  0.219E+04  0.000E+00
    0.775  0.110E+02  0.969E+03  0.000E+00  0.741E+02  0.335E+04  0.000E+00
    0.825  0.113E+02  0.101E+04  0.000E+00  0.797E+02  0.580E+04  0.000E+00
    0.875  0.114E+02  0.103E+04  0.000E+00  0.904E+02  0.879E+04  0.000E+00
    0.925  0.114E+02  0.105E+04  0.000E+00  0.971E+02  0.108E+05  0.000E+00
    0.975  0.114E+02  0.105E+04  0.000E+00  0.993E+02  0.120E+05  0.000E+00
    1.025  0.121E+02  0.105E+04  0.000E+00  0.110E+03  0.129E+05  0.000E+00
    1.075  0.127E+02  0.105E+04  0.000E+00  0.132E+03  0.138E+05  0.000E+00
    1.125  0.122E+02  0.105E+04  0.000E+00  0.146E+03  0.148E+05  0.000E+00
    1.175  0.122E+02  0.107E+04  0.000E+00  0.148E+03  0.157E+05  0.000E+00
    1.225  0.125E+02  0.109E+04  0.000E+00  0.147E+03  0.165E+05  0.000E+00
    1.275  0.125E+02  0.110E+04  0.000E+00  0.147E+03  0.173E+05  0.000E+00
    1.325  0.125E+02  0.111E+04  0.000E+00  0.139E+03  0.179E+05  0.000E+00
    1.375  0.126E+02  0.110E+04  0.000E+00  0.120E+03  0.185E+05  0.000E+00
    1.425  0.129E+02  0.107E+04  0.000E+00  0.109E+03  0.190E+05  0.000E+00
    1.475  0.131E+02  0.107E+04  0.000E+00  0.120E+03  0.195E+05  0.000E+00
    1.525  0.129E+02  0.108E+04  0.000E+00  0.140E+03  0.197E+05  0.000E+00
    1.575  0.125E+02  0.110E+04  0.000E+00  0.150E+03  0.200E+05  0.000E+00
    1.625  0.121E+02  0.111E+04  0.000E+00  0.153E+03  0.204E+05  0.000E+00
    1.675  0.118E+02  0.112E+04  0.000E+00  0.154E+03  0.207E+05  0.000E+00
    1.725  0.115E+02  0.112E+04  0.000E+00  0.154E+03  0.209E+05  0.000E+00
    1.775  0.114E+02  0.113E+04  0.000E+00  0.155E+03  0.212E+05  0.000E+00
    1.825  0.114E+02  0.113E+04  0.000E+00  0.158E+03  0.214E+05  0.000E+00
    1.875  0.119E+02  0.114E+04  0.000E+00  0.160E+03  0.218E+05  0.000E+00
    1.925  0.129E+02  0.114E+04  0.000E+00  0.159E+03  0.222E+05  0.000E+00
    1.975  0.134E+02  0.115E+04  0.000E+00  0.154E+03  0.225E+05  0.000E+00
    2.025  0.134E+02  0.116E+04  0.000E+00  0.150E+03  0.230E+05  0.000E+00
    2.075  0.126E+02  0.117E+04  0.000E+00  0.149E+03  0.236E+05  0.000E+00
    2.125  0.110E+02  0.117E+04  0.000E+00  0.149E+03  0.239E+05  0.000E+00
    2.175  0.101E+02  0.116E+04  0.000E+00  0.150E+03  0.240E+05  0.000E+00
    2.225  0.101E+02  0.116E+04  0.000E+00  0.150E+03  0.243E+05  0.000E+00
    2.275  0.101E+02  0.118E+04  0.000E+00  0.150E+03  0.247E+05  0.000E+00
    2.325  0.993E+01  0.120E+04  0.000E+00  0.151E+03  0.252E+05  0.000E+00
    2.375  0.952E+01  0.121E+04  0.000E+00  0.158E+03  0.256E+05  0.000E+00
    2.425  0.931E+01  0.123E+04  0.000E+00  0.166E+03  0.259E+05  0.000E+00
    2.475  0.931E+01  0.123E+04  0.000E+00  0.162E+03  0.261E+05  0.000E+00
    2.525  0.962E+01  0.121E+04  0.000E+00  0.156E+03  0.261E+05  0.000E+00
    2.575  0.102E+02  0.120E+04  0.000E+00  0.156E+03  0.263E+05  0.000E+00
    2.625  0.105E+02  0.120E+04  0.000E+00  0.156E+03  0.268E+05  0.000E+00
    2.675  0.105E+02  0.119E+04  0.000E+00  0.149E+03  0.273E+05  0.000E+00
    2.725  0.108E+02  0.119E+04  0.000E+00  0.135E+03  0.275E+05  0.000E+00
    2.775  0.114E+02  0.119E+04  0.000E+00  0.126E+03  0.276E+05  0.000E+00
    2.825  0.117E+02  0.118E+04  0.000E+00  0.124E+03  0.276E+05  0.000E+00
    2.875  0.118E+02  0.118E+04  0.000E+00  0.119E+03  0.276E+05  0.000E+00
    2.925  0.119E+02  0.116E+04  0.000E+00  0.114E+03  0.277E+05  0.000E+00
    2.975  0.124E+02  0.114E+04  0.000E+00  0.116E+03  0.277E+05  0.000E+00
    3.025  0.134E+02  0.112E+04  0.000E+00  0.125E+03  0.277E+05  0.000E+00
    3.075  0.139E+02  0.113E+04  0.000E+00  0.137E+03  0.277E+05  0.000E+00
    3.125  0.145E+02  0.115E+04  0.000E+00  0.142E+03  0.278E+05  0.000E+00
    3.175  0.157E+02  0.118E+04  0.000E+00  0.143E+03  0.277E+05  0.000E+00
    3.225  0.163E+02  0.121E+04  0.000E+00  0.145E+03  0.274E+05  0.000E+00
    3.275  0.163E+02  0.122E+04  0.000E+00  0.149E+03  0.268E+05  0.000E+00
    3.325  0.146E+02  0.122E+04  0.000E+00  0.152E+03  0.263E+05  0.000E+00
    3.375  0.110E+02  0.122E+04  0.000E+00  0.152E+03  0.261E+05  0.000E+00
    3.425  0.929E+01  0.122E+04  0.000E+00  0.142E+03  0.259E+05  0.000E+00
    3.475  0.929E+01  0.122E+04  0.000E+00  0.122E+03  0.254E+05  0.000E+00
    3.525  0.929E+01  0.123E+04  0.000E+00  0.112E+03  0.250E+05  0.000E+00
    3.575  0.903E+01  0.123E+04  0.000E+00  0.112E+03  0.247E+05  0.000E+00
    3.625  0.852E+01  0.123E+04  0.000E+00  0.117E+03  0.244E+05  0.000E+00
    3.675  0.826E+01  0.123E+04  0.000E+00  0.128E+03  0.240E+05  0.000E+00
    3.725  0.826E+01  0.122E+04  0.000E+00  0.134E+03  0.233E+05  0.000E+00
    3.775  0.877E+01  0.122E+04  0.000E+00  0.126E+03  0.224E+05  0.000E+00
    3.825  0.999E+01  0.122E+04  0.000E+00  0.113E+03  0.215E+05  0.000E+00
    3.875  0.112E+02  0.121E+04  0.000E+00  0.107E+03  0.207E+05  0.000E+00
    3.925  0.121E+02  0.118E+04  0.000E+00  0.106E+03  0.200E+05  0.000E+00
    3.975  0.128E+02  0.116E+04  0.000E+00  0.106E+03  0.192E+05  0.000E+00
    4.025  0.129E+02  0.115E+04  0.000E+00  0.109E+03  0.185E+05  0.000E+00
    4.075  0.134E+02  0.114E+04  0.000E+00  0.116E+03  0.177E+05  0.000E+00
    4.125  0.143E+02  0.114E+04  0.000E+00  0.120E+03  0.167E+05  0.000E+00
    4.175  0.144E+02  0.116E+04  0.000E+00  0.116E+03  0.159E+05  0.000E+00
    4.225  0.129E+02  0.116E+04  0.000E+00  0.110E+03  0.151E+05  0.000E+00
    4.275  0.108E+02  0.114E+04  0.000E+00  0.107E+03  0.141E+05  0.000E+00
    4.325  0.958E+01  0.111E+04  0.000E+00  0.101E+03  0.132E+05  0.000E+00
    4.375  0.101E+02  0.106E+04  0.000E+00  0.824E+02  0.124E+05  0.000E+00
    4.425  0.115E+02  0.105E+04  0.000E+00  0.641E+02  0.117E+05  0.000E+00
    4.475  0.121E+02  0.109E+04  0.000E+00  0.563E+02  0.111E+05  0.000E+00
    4.525  0.120E+02  0.116E+04  0.000E+00  0.516E+02  0.106E+05  0.000E+00
    4.575  0.112E+02  0.119E+04  0.000E+00  0.486E+02  0.982E+04  0.000E+00
    4.625  0.944E+01  0.119E+04  0.000E+00  0.510E+02  0.883E+04  0.000E+00
    4.675  0.826E+01  0.119E+04  0.000E+00  0.559E+02  0.799E+04  0.000E+00
    4.725  0.881E+01  0.117E+04  0.000E+00  0.585E+02  0.748E+04  0.000E+00
    4.775  0.101E+02  0.115E+04  0.000E+00  0.575E+02  0.705E+04  0.000E+00
    4.825  0.106E+02  0.114E+04  0.000E+00  0.524E+02  0.667E+04  0.000E+00
    4.875  0.105E+02  0.110E+04  0.000E+00  0.462E+02  0.630E+04  0.000E+00
    4.925  0.105E+02  0.103E+04  0.000E+00  0.436E+02  0.590E+04  0.000E+00
    4.975  0.105E+02  0.992E+03  0.000E+00  0.436E+02  0.562E+04  0.000E+00
    5.025  0.106E+02  0.992E+03  0.000E+00  0.557E+02  0.530E+04  0.000E+00
    5.075  0.115E+02  0.995E+03  0.000E+00  0.880E+02  0.489E+04  0.000E+00
    5.125  0.130E+02  0.100E+04  0.000E+00  0.118E+03  0.459E+04  0.000E+00
    5.175  0.142E+02  0.101E+04  0.000E+00  0.124E+03  0.435E+04  0.000E+00
    5.225  0.141E+02  0.101E+04  0.000E+00  0.109E+03  0.408E+04  0.000E+00
    5.275  0.129E+02  0.101E+04  0.000E+00  0.872E+02  0.387E+04  0.000E+00
    5.325  0.114E+02  0.101E+04  0.000E+00  0.646E+02  0.364E+04  0.000E+00
    5.375  0.102E+02  0.100E+04  0.000E+00  0.407E+02  0.338E+04  0.000E+00
    5.425  0.918E+01  0.983E+03  0.000E+00  0.282E+02  0.324E+04  0.000E+00
    5.475  0.875E+01  0.956E+03  0.000E+00  0.285E+02  0.320E+04  0.000E+00
    5.525  0.961E+01  0.934E+03  0.000E+00  0.313E+02  0.305E+04  0.000E+00
    5.575  0.109E+02  0.923E+03  0.000E+00  0.339E+02  0.284E+04  0.000E+00
    5.625  0.115E+02  0.920E+03  0.000E+00  0.365E+02  0.274E+04  0.000E+00
    5.675  0.115E+02  0.920E+03  0.000E+00  0.402E+02  0.267E+04  0.000E+00
    5.725  0.115E+02  0.919E+03  0.000E+00  0.447E+02  0.253E+04  0.000E+00
    5.775  0.116E+02  0.916E+03  0.000E+00  0.470E+02  0.246E+04  0.000E+00
    5.825  0.119E+02  0.915E+03  0.000E+00  0.470E+02  0.245E+04  0.000E+00
    5.875  0.121E+02  0.906E+03  0.000E+00  0.433E+02  0.244E+04  0.000E+00
    5.925  0.118E+02  0.878E+03  0.000E+00  0.349E+02  0.240E+04  0.000E+00
    5.975  0.112E+02  0.845E+03  0.000E+00  0.300E+02  0.231E+04  0.000E+00
    6.025  0.104E+02  0.830E+03  0.000E+00  0.339E+02  0.221E+04  0.000E+00
    6.075  0.101E+02  0.841E+03  0.000E+00  0.424E+02  0.215E+04  0.000E+00
    6.125  0.101E+02  0.861E+03  0.000E+00  0.479E+02  0.212E+04  0.000E+00
    6.175  0.106E+02  0.873E+03  0.000E+00  0.466E+02  0.212E+04  0.000E+00
    6.225  0.119E+02  0.880E+03  0.000E+00  0.416E+02  0.213E+04  0.000E+00
    6.275  0.128E+02  0.884E+03  0.000E+00  0.383E+02  0.211E+04  0.000E+00
    6.325  0.124E+02  0.884E+03  0.000E+00  0.382E+02  0.204E+04  0.000E+00
    6.375  0.111E+02  0.884E+03  0.000E+00  0.405E+02  0.196E+04  0.000E+00
    6.425  0.104E+02  0.881E+03  0.000E+00  0.431E+02  0.185E+04  0.000E+00
    6.475  0.971E+01  0.873E+03  0.000E+00  0.440E+02  0.169E+04  0.000E+00
    6.525  0.855E+01  0.868E+03  0.000E+00  0.440E+02  0.159E+04  0.000E+00
    6.575  0.798E+01  0.871E+03  0.000E+00  0.408E+02  0.159E+04  0.000E+00
    6.625  0.804E+01  0.880E+03  0.000E+00  0.341E+02  0.165E+04  0.000E+00
    6.675  0.806E+01  0.884E+03  0.000E+00  0.306E+02  0.170E+04  0.000E+00
    6.725  0.840E+01  0.878E+03  0.000E+00  0.303E+02  0.168E+04  0.000E+00
    6.775  0.908E+01  0.868E+03  0.000E+00  0.302E+02  0.161E+04  0.000E+00
    6.825  0.942E+01  0.864E+03  0.000E+00  0.292E+02  0.156E+04  0.000E+00
    6.875  0.982E+01  0.854E+03  0.000E+00  0.274E+02  0.154E+04  0.000E+00
    6.925  0.108E+02  0.833E+03  0.000E+00  0.282E+02  0.152E+04  0.000E+00
    6.975  0.115E+02  0.817E+03  0.000E+00  0.313E+02  0.152E+04  0.000E+00
    7.025  0.112E+02  0.805E+03  0.000E+00  0.321E+02  0.152E+04  0.000E+00
    7.075  0.106E+02  0.794E+03  0.000E+00  0.279E+02  0.152E+04  0.000E+00
    7.125  0.104E+02  0.787E+03  0.000E+00  0.208E+02  0.149E+04  0.000E+00
    7.175  0.103E+02  0.781E+03  0.000E+00  0.162E+02  0.144E+04  0.000E+00
    7.225  0.101E+02  0.769E+03  0.000E+00  0.153E+02  0.140E+04  0.000E+00
    7.275  0.100E+02  0.760E+03  0.000E+00  0.158E+02  0.140E+04  0.000E+00
    7.325  0.100E+02  0.769E+03  0.000E+00  0.203E+02  0.139E+04  0.000E+00
    7.375  0.100E+02  0.789E+03  0.000E+00  0.294E+02  0.141E+04  0.000E+00
    7.425  0.100E+02  0.802E+03  0.000E+00  0.359E+02  0.146E+04  0.000E+00
    7.475  0.971E+01  0.811E+03  0.000E+00  0.344E+02  0.149E+04  0.000E+00
    7.525  0.912E+01  0.827E+03  0.000E+00  0.279E+02  0.145E+04  0.000E+00
    7.575  0.882E+01  0.850E+03  0.000E+00  0.226E+02  0.136E+04  0.000E+00
    7.625  0.882E+01  0.866E+03  0.000E+00  0.202E+02  0.132E+04  0.000E+00
    7.675  0.882E+01  0.877E+03  0.000E+00  0.193E+02  0.134E+04  0.000E+00
    7.725  0.939E+01  0.882E+03  0.000E+00  0.190E+02  0.138E+04  0.000E+00
    7.775  0.105E+02  0.882E+03  0.000E+00  0.189E+02  0.140E+04  0.000E+00
    7.825  0.111E+02  0.893E+03  0.000E+00  0.189E+02  0.139E+04  0.000E+00
    7.875  0.111E+02  0.918E+03  0.000E+00  0.189E+02  0.135E+04  0.000E+00
    7.925  0.111E+02  0.931E+03  0.000E+00  0.194E+02  0.126E+04  0.000E+00
    7.975  0.110E+02  0.925E+03  0.000E+00  0.203E+02  0.121E+04  0.000E+00
    8.025  0.109E+02  0.915E+03  0.000E+00  0.208E+02  0.123E+04  0.000E+00
    8.075  0.104E+02  0.913E+03  0.000E+00  0.208E+02  0.125E+04  0.000E+00
    8.125  0.886E+01  0.930E+03  0.000E+00  0.208E+02  0.126E+04  0.000E+00
    8.175  0.766E+01  0.959E+03  0.000E+00  0.209E+02  0.126E+04  0.000E+00
    8.225  0.737E+01  0.971E+03  0.000E+00  0.209E+02  0.126E+04  0.000E+00
    8.275  0.737E+01  0.941E+03  0.000E+00  0.205E+02  0.124E+04  0.000E+00
    8.325  0.878E+01  0.889E+03  0.000E+00  0.187E+02  0.121E+04  0.000E+00
    8.375  0.117E+02  0.865E+03  0.000E+00  0.151E+02  0.120E+04  0.000E+00
    8.425  0.134E+02  0.881E+03  0.000E+00  0.127E+02  0.117E+04  0.000E+00
    8.475  0.133E+02  0.908E+03  0.000E+00  0.126E+02  0.108E+04  0.000E+00
    8.525  0.127E+02  0.918E+03  0.000E+00  0.139E+02  0.994E+03  0.000E+00
    8.575  0.119E+02  0.914E+03  0.000E+00  0.154E+02  0.955E+03  0.000E+00
    8.625  0.116E+02  0.909E+03  0.000E+00  0.156E+02  0.947E+03  0.000E+00
    8.675  0.112E+02  0.935E+03  0.000E+00  0.154E+02  0.936E+03  0.000E+00
    8.725  0.104E+02  0.996E+03  0.000E+00  0.152E+02  0.912E+03  0.000E+00
    8.775  0.993E+01  0.104E+04  0.000E+00  0.142E+02  0.898E+03  0.000E+00
    8.825  0.964E+01  0.102E+04  0.000E+00  0.129E+02  0.917E+03  0.000E+00
    8.875  0.905E+01  0.983E+03  0.000E+00  0.120E+02  0.951E+03  0.000E+00
    8.925  0.876E+01  0.961E+03  0.000E+00  0.119E+02  0.965E+03  0.000E+00
    8.975  0.793E+01  0.944E+03  0.000E+00  0.121E+02  0.965E+03  0.000E+00
    9.025  0.627E+01  0.915E+03  0.000E+00  0.121E+02  0.977E+03  0.000E+00
    9.075  0.544E+01  0.876E+03  0.000E+00  0.121E+02  0.995E+03  0.000E+00
    9.125  0.544E+01  0.857E+03  0.000E+00  0.121E+02  0.100E+04  0.000E+00
    9.175  0.564E+01  0.857E+03  0.000E+00  0.110E+02  0.100E+04  0.000E+00
    9.225  0.602E+01  0.857E+03  0.000E+00  0.865E+01  0.101E+04  0.000E+00
    9.275  0.622E+01  0.881E+03  0.000E+00  0.961E+01  0.101E+04  0.000E+00
    9.325  0.683E+01  0.933E+03  0.000E+00  0.139E+02  0.102E+04  0.000E+00
    9.375  0.816E+01  0.961E+03  0.000E+00  0.140E+02  0.952E+03  0.000E+00
    9.425  0.900E+01  0.951E+03  0.000E+00  0.993E+01  0.780E+03  0.000E+00
    9.475  0.861E+01  0.933E+03  0.000E+00  0.886E+01  0.672E+03  0.000E+00
    9.525  0.699E+01  0.926E+03  0.000E+00  0.108E+02  0.704E+03  0.000E+00
    9.575  0.530E+01  0.926E+03  0.000E+00  0.128E+02  0.785E+03  0.000E+00
    9.625  0.534E+01  0.926E+03  0.000E+00  0.151E+02  0.824E+03  0.000E+00
    9.675  0.760E+01  0.878E+03  0.000E+00  0.163E+02  0.801E+03  0.000E+00
    9.725  0.104E+02  0.759E+03  0.000E+00  0.144E+02  0.743E+03  0.000E+00
    9.775  0.111E+02  0.678E+03  0.000E+00  0.108E+02  0.700E+03  0.000E+00
    9.825  0.104E+02  0.718E+03  0.000E+00  0.857E+01  0.717E+03  0.000E+00
    9.875  0.879E+01  0.810E+03  0.000E+00  0.820E+01  0.774E+03  0.000E+00
    9.925  0.592E+01  0.867E+03  0.000E+00  0.820E+01  0.800E+03  0.000E+00
    9.975  0.390E+01  0.894E+03  0.000E+00  0.870E+01  0.757E+03  0.000E+00
   10.025  0.378E+01  0.890E+03  0.000E+00  0.971E+01  0.690E+03  0.000E+00
   10.075  0.485E+01  0.829E+03  0.000E+00  0.102E+02  0.660E+03  0.000E+00
   10.125  0.617E+01  0.755E+03  0.000E+00  0.102E+02  0.657E+03  0.000E+00
   10.175  0.668E+01  0.718E+03  0.000E+00  0.102E+02  0.660E+03  0.000E+00
   10.225  0.668E+01  0.703E+03  0.000E+00  0.102E+02  0.670E+03  0.000E+00
   10.275  0.668E+01  0.697E+03  0.000E+00  0.102E+02  0.674E+03  0.000E+00
   10.325  0.765E+01  0.713E+03  0.000E+00  0.105E+02  0.666E+03  0.000E+00
   10.375  0.105E+02  0.740E+03  0.000E+00  0.110E+02  0.654E+03  0.000E+00
   10.425  0.136E+02  0.758E+03  0.000E+00  0.113E+02  0.650E+03  0.000E+00
   10.475  0.153E+02  0.773E+03  0.000E+00  0.119E+02  0.642E+03  0.000E+00
   10.525  0.150E+02  0.778E+03  0.000E+00  0.132E+02  0.625E+03  0.000E+00
   10.575  0.133E+02  0.774E+03  0.000E+00  0.128E+02  0.616E+03  0.000E+00
   10.625  0.119E+02  0.757E+03  0.000E+00  0.106E+02  0.616E+03  0.000E+00
   10.675  0.108E+02  0.728E+03  0.000E+00  0.952E+01  0.616E+03  0.000E+00
   10.725  0.955E+01  0.703E+03  0.000E+00  0.948E+01  0.640E+03  0.000E+00
   10.775  0.792E+01  0.681E+03  0.000E+00  0.939E+01  0.687E+03  0.000E+00
   10.825  0.669E+01  0.671E+03  0.000E+00  0.916E+01  0.681E+03  0.000E+00
   10.875  0.659E+01  0.666E+03  0.000E+00  0.877E+01  0.622E+03  0.000E+00
   10.925  0.749E+01  0.657E+03  0.000E+00  0.860E+01  0.592E+03  0.000E+00
   10.975  0.870E+01  0.652E+03  0.000E+00  0.818E+01  0.592E+03  0.000E+00
   11.025  0.929E+01  0.660E+03  0.000E+00  0.681E+01  0.592E+03  0.000E+00
   11.075  0.949E+01  0.680E+03  0.000E+00  0.568E+01  0.585E+03  0.000E+00
   11.125  0.861E+01  0.697E+03  0.000E+00  0.619E+01  0.570E+03  0.000E+00
   11.175  0.668E+01  0.704E+03  0.000E+00  0.876E+01  0.563E+03  0.000E+00
   11.225  0.523E+01  0.707E+03  0.000E+00  0.123E+02  0.563E+03  0.000E+00
   11.275  0.423E+01  0.710E+03  0.000E+00  0.140E+02  0.563E+03  0.000E+00
   11.325  0.398E+01  0.714E+03  0.000E+00  0.131E+02  0.568E+03  0.000E+00
   11.375  0.537E+01  0.712E+03  0.000E+00  0.111E+02  0.581E+03  0.000E+00
   11.425  0.724E+01  0.696E+03  0.000E+00  0.959E+01  0.589E+03  0.000E+00
   11.475  0.800E+01  0.676E+03  0.000E+00  0.922E+01  0.584E+03  0.000E+00
   11.525  0.800E+01  0.671E+03  0.000E+00  0.922E+01  0.572E+03  0.000E+00
   11.575  0.800E+01  0.677E+03  0.000E+00  0.922E+01  0.560E+03  0.000E+00
   11.625  0.824E+01  0.680E+03  0.000E+00  0.920E+01  0.552E+03  0.000E+00
   11.675  0.872E+01  0.679E+03  0.000E+00  0.927E+01  0.535E+03  0.000E+00
   11.725  0.896E+01  0.679E+03  0.000E+00  0.942E+01  0.504E+03  0.000E+00
   11.775  0.896E+01  0.679E+03  0.000E+00  0.978E+01  0.472E+03  0.000E+00
   11.825  0.896E+01  0.679E+03  0.000E+00  0.104E+02  0.445E+03  0.000E+00
   11.875  0.871E+01  0.660E+03  0.000E+00  0.104E+02  0.432E+03  0.000E+00
   11.925  0.822E+01  0.609E+03  0.000E+00  0.939E+01  0.424E+03  0.000E+00
   11.975  0.797E+01  0.564E+03  0.000E+00  0.791E+01  0.405E+03  0.000E+00
   12.025  0.783E+01  0.560E+03  0.000E+00  0.729E+01  0.392E+03  0.000E+00
   12.075  0.756E+01  0.602E+03  0.000E+00  0.750E+01  0.399E+03  0.000E+00
   12.125  0.696E+01  0.666E+03  0.000E+00  0.768E+01  0.414E+03  0.000E+00
   12.175  0.568E+01  0.705E+03  0.000E+00  0.768E+01  0.418E+03  0.000E+00
   12.225  0.436E+01  0.694E+03  0.000E+00  0.750E+01  0.417E+03  0.000E+00
   12.275  0.412E+01  0.660E+03  0.000E+00  0.715E+01  0.418E+03  0.000E+00
   12.325  0.620E+01  0.637E+03  0.000E+00  0.660E+01  0.414E+03  0.000E+00
   12.375  0.105E+02  0.627E+03  0.000E+00  0.585E+01  0.425E+03  0.000E+00
   12.425  0.140E+02  0.629E+03  0.000E+00  0.575E+01  0.468E+03  0.000E+00
   12.475  0.144E+02  0.633E+03  0.000E+00  0.631E+01  0.493E+03  0.000E+00
   12.525  0.125E+02  0.633E+03  0.000E+00  0.674E+01  0.458E+03  0.000E+00
   12.575  0.107E+02  0.623E+03  0.000E+00  0.649E+01  0.407E+03  0.000E+00
   12.625  0.925E+01  0.593E+03  0.000E+00  0.547E+01  0.394E+03  0.000E+00
   12.675  0.710E+01  0.560E+03  0.000E+00  0.506E+01  0.399E+03  0.000E+00
   12.725  0.546E+01  0.544E+03  0.000E+00  0.638E+01  0.407E+03  0.000E+00
   12.775  0.521E+01  0.554E+03  0.000E+00  0.856E+01  0.400E+03  0.000E+00
   12.825  0.552E+01  0.576E+03  0.000E+00  0.984E+01  0.350E+03  0.000E+00
   12.875  0.568E+01  0.586E+03  0.000E+00  0.931E+01  0.299E+03  0.000E+00
   12.925  0.568E+01  0.573E+03  0.000E+00  0.801E+01  0.298E+03  0.000E+00
   12.975  0.568E+01  0.531E+03  0.000E+00  0.743E+01  0.329E+03  0.000E+00
   13.025  0.645E+01  0.473E+03  0.000E+00  0.743E+01  0.354E+03  0.000E+00
   13.075  0.800E+01  0.452E+03  0.000E+00  0.705E+01  0.370E+03  0.000E+00
   13.125  0.858E+01  0.498E+03  0.000E+00  0.630E+01  0.375E+03  0.000E+00
   13.175  0.821E+01  0.578E+03  0.000E+00  0.592E+01  0.355E+03  0.000E+00
   13.225  0.803E+01  0.629E+03  0.000E+00  0.592E+01  0.328E+03  0.000E+00
   13.275  0.711E+01  0.628E+03  0.000E+00  0.588E+01  0.316E+03  0.000E+00
   13.325  0.520E+01  0.595E+03  0.000E+00  0.565E+01  0.300E+03  0.000E+00
   13.375  0.480E+01  0.545E+03  0.000E+00  0.511E+01  0.258E+03  0.000E+00
   13.425  0.730E+01  0.493E+03  0.000E+00  0.442E+01  0.239E+03  0.000E+00
   13.475  0.108E+02  0.466E+03  0.000E+00  0.405E+01  0.291E+03  0.000E+00
   13.525  0.122E+02  0.478E+03  0.000E+00  0.430E+01  0.383E+03  0.000E+00
   13.575  0.104E+02  0.507E+03  0.000E+00  0.515E+01  0.441E+03  0.000E+00
   13.625  0.687E+01  0.522E+03  0.000E+00  0.622E+01  0.434E+03  0.000E+00
   13.675  0.516E+01  0.509E+03  0.000E+00  0.701E+01  0.389E+03  0.000E+00
   13.725  0.740E+01  0.480E+03  0.000E+00  0.732E+01  0.367E+03  0.000E+00
   13.775  0.117E+02  0.458E+03  0.000E+00  0.736E+01  0.369E+03  0.000E+00
   13.825  0.139E+02  0.456E+03  0.000E+00  0.736E+01  0.374E+03  0.000E+00
   13.875  0.123E+02  0.479E+03  0.000E+00  0.740E+01  0.377E+03  0.000E+00
   13.925  0.856E+01  0.512E+03  0.000E+00  0.724E+01  0.377E+03  0.000E+00
   13.975  0.618E+01  0.533E+03  0.000E+00  0.665E+01  0.377E+03  0.000E+00
   14.025  0.569E+01  0.529E+03  0.000E+00  0.608E+01  0.360E+03  0.000E+00
   14.075  0.569E+01  0.514E+03  0.000E+00  0.591E+01  0.325E+03  0.000E+00
   14.125  0.572E+01  0.507E+03  0.000E+00  0.565E+01  0.306E+03  0.000E+00
   14.175  0.578E+01  0.506E+03  0.000E+00  0.512E+01  0.296E+03  0.000E+00
   14.225  0.596E+01  0.495E+03  0.000E+00  0.486E+01  0.275E+03  0.000E+00
   14.275  0.642E+01  0.464E+03  0.000E+00  0.486E+01  0.264E+03  0.000E+00
   14.325  0.687E+01  0.434E+03  0.000E+00  0.486E+01  0.285E+03  0.000E+00
   14.375  0.702E+01  0.426E+03  0.000E+00  0.486E+01  0.328E+03  0.000E+00
   14.425  0.702E+01  0.427E+03  0.000E+00  0.481E+01  0.360E+03  0.000E+00
   14.475  0.632E+01  0.427E+03  0.000E+00  0.471E+01  0.368E+03  0.000E+00
   14.525  0.493E+01  0.429E+03  0.000E+00  0.466E+01  0.356E+03  0.000E+00
   14.575  0.424E+01  0.433E+03  0.000E+00  0.466E+01  0.338E+03  0.000E+00
   14.625  0.408E+01  0.441E+03  0.000E+00  0.533E+01  0.329E+03  0.000E+00
   14.675  0.376E+01  0.457E+03  0.000E+00  0.684E+01  0.328E+03  0.000E+00
   14.725  0.407E+01  0.467E+03  0.000E+00  0.758E+01  0.322E+03  0.000E+00
   14.775  0.501E+01  0.457E+03  0.000E+00  0.655E+01  0.306E+03  0.000E+00
   14.825  0.542E+01  0.434E+03  0.000E+00  0.459E+01  0.288E+03  0.000E+00
   14.875  0.530E+01  0.417E+03  0.000E+00  0.343E+01  0.282E+03  0.000E+00
   14.925  0.530E+01  0.418E+03  0.000E+00  0.401E+01  0.280E+03  0.000E+00
   14.975  0.543E+01  0.428E+03  0.000E+00  0.523E+01  0.279E+03  0.000E+00
   15.025  0.576E+01  0.430E+03  0.000E+00  0.572E+01  0.279E+03  0.000E+00
   15.075  0.627E+01  0.411E+03  0.000E+00  0.569E+01  0.279E+03  0.000E+00
   15.125  0.652E+01  0.388E+03  0.000E+00  0.569E+01  0.273E+03  0.000E+00
   15.175  0.667E+01  0.369E+03  0.000E+00  0.528E+01  0.260E+03  0.000E+00
   15.225  0.696E+01  0.347E+03  0.000E+00  0.431E+01  0.253E+03  0.000E+00
   15.275  0.859E+01  0.336E+03  0.000E+00  0.360E+01  0.248E+03  0.000E+00
   15.325  0.116E+02  0.336E+03  0.000E+00  0.346E+01  0.237E+03  0.000E+00
   15.375  0.132E+02  0.342E+03  0.000E+00  0.344E+01  0.230E+03  0.000E+00
   15.425  0.133E+02  0.354E+03  0.000E+00  0.340E+01  0.233E+03  0.000E+00
   15.475  0.119E+02  0.361E+03  0.000E+00  0.396E+01  0.241E+03  0.000E+00
   15.525  0.874E+01  0.367E+03  0.000E+00  0.538E+01  0.243E+03  0.000E+00
   15.575  0.676E+01  0.379E+03  0.000E+00  0.643E+01  0.241E+03  0.000E+00
   15.625  0.593E+01  0.383E+03  0.000E+00  0.620E+01  0.229E+03  0.000E+00
   15.675  0.551E+01  0.386E+03  0.000E+00  0.509E+01  0.209E+03  0.000E+00
   15.725  0.503E+01  0.394E+03  0.000E+00  0.405E+01  0.197E+03  0.000E+00
   15.775  0.389E+01  0.399E+03  0.000E+00  0.367E+01  0.188E+03  0.000E+00
   15.825  0.324E+01  0.397E+03  0.000E+00  0.396E+01  0.171E+03  0.000E+00
   15.875  0.387E+01  0.394E+03  0.000E+00  0.448E+01  0.164E+03  0.000E+00
   15.925  0.499E+01  0.393E+03  0.000E+00  0.470E+01  0.166E+03  0.000E+00
   15.975  0.547E+01  0.396E+03  0.000E+00  0.469E+01  0.174E+03  0.000E+00
   16.025  0.547E+01  0.396E+03  0.000E+00  0.468E+01  0.207E+03  0.000E+00
   16.075  0.547E+01  0.377E+03  0.000E+00  0.474E+01  0.246E+03  0.000E+00
   16.125  0.553E+01  0.336E+03  0.000E+00  0.488E+01  0.257E+03  0.000E+00
   16.175  0.563E+01  0.307E+03  0.000E+00  0.495E+01  0.249E+03  0.000E+00
   16.225  0.537E+01  0.314E+03  0.000E+00  0.483E+01  0.232E+03  0.000E+00
   16.275  0.458E+01  0.342E+03  0.000E+00  0.463E+01  0.205E+03  0.000E+00
   16.325  0.400E+01  0.359E+03  0.000E+00  0.454E+01  0.192E+03  0.000E+00
   16.375  0.412E+01  0.353E+03  0.000E+00  0.454E+01  0.188E+03  0.000E+00
   16.425  0.457E+01  0.338E+03  0.000E+00  0.479E+01  0.180E+03  0.000E+00
   16.475  0.477E+01  0.316E+03  0.000E+00  0.529E+01  0.183E+03  0.000E+00
   16.525  0.489E+01  0.285E+03  0.000E+00  0.554E+01  0.206E+03  0.000E+00
   16.575  0.406E+01  0.281E+03  0.000E+00  0.554E+01  0.233E+03  0.000E+00
   16.625  0.189E+01  0.302E+03  0.000E+00  0.494E+01  0.244E+03  0.000E+00
   16.675  0.112E+01  0.313E+03  0.000E+00  0.350E+01  0.244E+03  0.000E+00
   16.725  0.309E+01  0.315E+03  0.000E+00  0.244E+01  0.239E+03  0.000E+00
   16.775  0.625E+01  0.320E+03  0.000E+00  0.258E+01  0.228E+03  0.000E+00
   16.825  0.850E+01  0.322E+03  0.000E+00  0.362E+01  0.213E+03  0.000E+00
   16.875  0.818E+01  0.322E+03  0.000E+00  0.485E+01  0.194E+03  0.000E+00
   16.925  0.593E+01  0.324E+03  0.000E+00  0.544E+01  0.185E+03  0.000E+00
   16.975  0.452E+01  0.317E+03  0.000E+00  0.484E+01  0.188E+03  0.000E+00
   17.025  0.573E+01  0.302E+03  0.000E+00  0.354E+01  0.190E+03  0.000E+00
   17.075  0.831E+01  0.294E+03  0.000E+00  0.310E+01  0.191E+03  0.000E+00
   17.125  0.971E+01  0.290E+03  0.000E+00  0.404E+01  0.187E+03  0.000E+00
   17.175  0.912E+01  0.282E+03  0.000E+00  0.554E+01  0.181E+03  0.000E+00
   17.225  0.706E+01  0.266E+03  0.000E+00  0.665E+01  0.180E+03  0.000E+00
   17.275  0.503E+01  0.243E+03  0.000E+00  0.654E+01  0.191E+03  0.000E+00
   17.325  0.470E+01  0.233E+03  0.000E+00  0.581E+01  0.206E+03  0.000E+00
   17.375  0.615E+01  0.234E+03  0.000E+00  0.565E+01  0.214E+03  0.000E+00
   17.425  0.761E+01  0.237E+03  0.000E+00  0.563E+01  0.222E+03  0.000E+00
   17.475  0.803E+01  0.243E+03  0.000E+00  0.534E+01  0.229E+03  0.000E+00
   17.525  0.852E+01  0.246E+03  0.000E+00  0.468E+01  0.225E+03  0.000E+00
   17.575  0.951E+01  0.246E+03  0.000E+00  0.331E+01  0.203E+03  0.000E+00
   17.625  0.957E+01  0.246E+03  0.000E+00  0.220E+01  0.174E+03  0.000E+00
   17.675  0.871E+01  0.246E+03  0.000E+00  0.255E+01  0.161E+03  0.000E+00
   17.725  0.828E+01  0.237E+03  0.000E+00  0.393E+01  0.161E+03  0.000E+00
   17.775  0.715E+01  0.220E+03  0.000E+00  0.470E+01  0.172E+03  0.000E+00
   17.825  0.479E+01  0.209E+03  0.000E+00  0.408E+01  0.196E+03  0.000E+00
   17.875  0.348E+01  0.205E+03  0.000E+00  0.303E+01  0.211E+03  0.000E+00
   17.925  0.340E+01  0.222E+03  0.000E+00  0.277E+01  0.199E+03  0.000E+00
   17.975  0.340E+01  0.259E+03  0.000E+00  0.336E+01  0.174E+03  0.000E+00
   18.025  0.321E+01  0.286E+03  0.000E+00  0.399E+01  0.164E+03  0.000E+00
   18.075  0.273E+01  0.305E+03  0.000E+00  0.423E+01  0.175E+03  0.000E+00
   18.125  0.239E+01  0.313E+03  0.000E+00  0.443E+01  0.193E+03  0.000E+00
   18.175  0.260E+01  0.297E+03  0.000E+00  0.474E+01  0.202E+03  0.000E+00
   18.225  0.306E+01  0.275E+03  0.000E+00  0.483E+01  0.186E+03  0.000E+00
   18.275  0.343E+01  0.265E+03  0.000E+00  0.479E+01  0.155E+03  0.000E+00
   18.325  0.376E+01  0.260E+03  0.000E+00  0.479E+01  0.132E+03  0.000E+00
   18.375  0.444E+01  0.251E+03  0.000E+00  0.381E+01  0.116E+03  0.000E+00
   18.425  0.547E+01  0.247E+03  0.000E+00  0.146E+01  0.107E+03  0.000E+00
   18.475  0.535E+01  0.235E+03  0.000E+00 -0.103E+00  0.107E+03  0.000E+00
   18.525  0.410E+01  0.206E+03  0.000E+00  0.703E+00  0.107E+03  0.000E+00
   18.575  0.388E+01  0.195E+03  0.000E+00  0.249E+01  0.106E+03  0.000E+00
   18.625  0.469E+01  0.229E+03  0.000E+00  0.328E+01  0.103E+03  0.000E+00
   18.675  0.579E+01  0.278E+03  0.000E+00  0.337E+01  0.107E+03  0.000E+00
   18.725  0.743E+01  0.327E+03  0.000E+00  0.354E+01  0.119E+03  0.000E+00
   18.775  0.835E+01  0.391E+03  0.000E+00  0.362E+01  0.128E+03  0.000E+00
   18.825  0.737E+01  0.425E+03  0.000E+00  0.362E+01  0.127E+03  0.000E+00
   18.875  0.573E+01  0.382E+03  0.000E+00  0.362E+01  0.123E+03  0.000E+00
   18.925  0.479E+01  0.297E+03  0.000E+00  0.362E+01  0.122E+03  0.000E+00
   18.975  0.423E+01  0.228E+03  0.000E+00  0.332E+01  0.111E+03  0.000E+00
   19.025  0.394E+01  0.190E+03  0.000E+00  0.273E+01  0.836E+02  0.000E+00
   19.075  0.376E+01  0.168E+03  0.000E+00  0.230E+01  0.638E+02  0.000E+00
   19.125  0.301E+01  0.169E+03  0.000E+00  0.202E+01  0.667E+02  0.000E+00
   19.175  0.186E+01  0.211E+03  0.000E+00  0.186E+01  0.799E+02  0.000E+00
   19.225  0.120E+01  0.266E+03  0.000E+00  0.175E+01  0.866E+02  0.000E+00
   19.275  0.149E+01  0.287E+03  0.000E+00  0.160E+01  0.927E+02  0.000E+00
   19.325  0.211E+01  0.282E+03  0.000E+00  0.156E+01  0.119E+03  0.000E+00
   19.375  0.247E+01  0.274E+03  0.000E+00  0.177E+01  0.160E+03  0.000E+00
   19.425  0.269E+01  0.267E+03  0.000E+00  0.207E+01  0.183E+03  0.000E+00
   19.475  0.282E+01  0.253E+03  0.000E+00  0.220E+01  0.169E+03  0.000E+00
   19.525  0.282E+01  0.236E+03  0.000E+00  0.220E+01  0.140E+03  0.000E+00
   19.575  0.282E+01  0.220E+03  0.000E+00  0.220E+01  0.127E+03  0.000E+00
   19.625  0.304E+01  0.198E+03  0.000E+00  0.133E+01  0.128E+03  0.000E+00
   19.675  0.346E+01  0.187E+03  0.000E+00 -0.398E+00  0.125E+03  0.000E+00
   19.725  0.368E+01  0.204E+03  0.000E+00 -0.527E+00  0.114E+03  0.000E+00
   19.775  0.368E+01  0.229E+03  0.000E+00  0.948E+00  0.100E+03  0.000E+00
   19.825  0.368E+01  0.244E+03  0.000E+00  0.169E+01  0.946E+02  0.000E+00
   19.875  0.368E+01  0.251E+03  0.000E+00  0.169E+01  0.946E+02  0.000E+00
   19.925  0.368E+01  0.231E+03  0.000E+00  0.212E+01  0.946E+02  0.000E+00
   19.975  0.375E+01  0.175E+03  0.000E+00  0.299E+01  0.819E+02  0.000E+00
   20.025  0.388E+01  0.136E+03  0.000E+00  0.343E+01  0.548E+02  0.000E+00
   20.075  0.395E+01  0.144E+03  0.000E+00  0.343E+01  0.462E+02  0.000E+00
   20.125  0.395E+01  0.180E+03  0.000E+00  0.305E+01  0.757E+02  0.000E+00
   20.175  0.395E+01  0.213E+03  0.000E+00  0.211E+01  0.122E+03  0.000E+00
   20.225  0.365E+01  0.220E+03  0.000E+00  0.125E+01  0.147E+03  0.000E+00
   20.275  0.307E+01  0.197E+03  0.000E+00  0.918E+00  0.129E+03  0.000E+00
   20.325  0.277E+01  0.165E+03  0.000E+00  0.105E+01  0.930E+02  0.000E+00
   20.375  0.277E+01  0.152E+03  0.000E+00  0.155E+01  0.808E+02  0.000E+00
   20.425  0.277E+01  0.168E+03  0.000E+00  0.202E+01  0.882E+02  0.000E+00
   20.475  0.307E+01  0.201E+03  0.000E+00  0.217E+01  0.920E+02  0.000E+00
   20.525  0.367E+01  0.230E+03  0.000E+00  0.217E+01  0.925E+02  0.000E+00
   20.575  0.397E+01  0.244E+03  0.000E+00  0.217E+01  0.927E+02  0.000E+00
   20.625  0.397E+01  0.239E+03  0.000E+00  0.207E+01  0.884E+02  0.000E+00
   20.675  0.397E+01  0.212E+03  0.000E+00  0.195E+01  0.787E+02  0.000E+00
   20.725  0.397E+01  0.176E+03  0.000E+00  0.209E+01  0.716E+02  0.000E+00
   20.775  0.400E+01  0.157E+03  0.000E+00  0.273E+01  0.708E+02  0.000E+00
   20.825  0.409E+01  0.169E+03  0.000E+00  0.384E+01  0.723E+02  0.000E+00
   20.875  0.419E+01  0.191E+03  0.000E+00  0.451E+01  0.760E+02  0.000E+00
   20.925  0.454E+01  0.204E+03  0.000E+00  0.401E+01  0.838E+02  0.000E+00
   20.975  0.512E+01  0.211E+03  0.000E+00  0.298E+01  0.901E+02  0.000E+00
   21.025  0.542E+01  0.214E+03  0.000E+00  0.205E+01  0.918E+02  0.000E+00
   21.075  0.539E+01  0.214E+03  0.000E+00  0.125E+01  0.918E+02  0.000E+00
   21.125  0.500E+01  0.214E+03  0.000E+00  0.103E+01  0.880E+02  0.000E+00
   21.175  0.422E+01  0.194E+03  0.000E+00  0.140E+01  0.789E+02  0.000E+00
   21.225  0.376E+01  0.154E+03  0.000E+00  0.272E+01  0.737E+02  0.000E+00
   21.275  0.371E+01  0.134E+03  0.000E+00  0.512E+01  0.815E+02  0.000E+00
   21.325  0.371E+01  0.134E+03  0.000E+00  0.656E+01  0.970E+02  0.000E+00
   21.375  0.371E+01  0.134E+03  0.000E+00  0.564E+01  0.102E+03  0.000E+00
   21.425  0.382E+01  0.135E+03  0.000E+00  0.362E+01  0.882E+02  0.000E+00
   21.475  0.405E+01  0.138E+03  0.000E+00  0.252E+01  0.707E+02  0.000E+00
   21.525  0.417E+01  0.139E+03  0.000E+00  0.233E+01  0.626E+02  0.000E+00
   21.575  0.417E+01  0.139E+03  0.000E+00  0.204E+01  0.597E+02  0.000E+00
   21.625  0.417E+01  0.139E+03  0.000E+00  0.164E+01  0.576E+02  0.000E+00
   21.675  0.321E+01  0.149E+03  0.000E+00  0.146E+01  0.578E+02  0.000E+00
   21.725  0.128E+01  0.174E+03  0.000E+00  0.146E+01  0.590E+02  0.000E+00
   21.775  0.229E+01  0.193E+03  0.000E+00  0.146E+01  0.596E+02  0.000E+00
   21.825  0.624E+01  0.189E+03  0.000E+00  0.144E+01  0.601E+02  0.000E+00
   21.875  0.701E+01  0.175E+03  0.000E+00  0.143E+01  0.609E+02  0.000E+00
   21.925  0.462E+01  0.169E+03  0.000E+00  0.142E+01  0.612E+02  0.000E+00
   21.975  0.345E+01  0.165E+03  0.000E+00  0.139E+01  0.610E+02  0.000E+00
   22.025  0.348E+01  0.154E+03  0.000E+00  0.143E+01  0.610E+02  0.000E+00
   22.075  0.349E+01  0.141E+03  0.000E+00  0.165E+01  0.627E+02  0.000E+00
   22.125  0.359E+01  0.136E+03  0.000E+00  0.212E+01  0.658E+02  0.000E+00
   22.175  0.385E+01  0.133E+03  0.000E+00  0.278E+01  0.659E+02  0.000E+00
   22.225  0.399E+01  0.123E+03  0.000E+00  0.310E+01  0.625E+02  0.000E+00
   22.275  0.382E+01  0.103E+03  0.000E+00  0.310E+01  0.596E+02  0.000E+00
   22.325  0.335E+01  0.868E+02  0.000E+00  0.296E+01  0.545E+02  0.000E+00
   22.375  0.289E+01  0.872E+02  0.000E+00  0.232E+01  0.463E+02  0.000E+00
   22.425  0.276E+01  0.972E+02  0.000E+00  0.130E+01  0.463E+02  0.000E+00
   22.475  0.279E+01  0.105E+03  0.000E+00  0.662E+00  0.545E+02  0.000E+00
   22.525  0.279E+01  0.102E+03  0.000E+00  0.779E+00  0.545E+02  0.000E+00
   22.575  0.279E+01  0.926E+02  0.000E+00  0.134E+01  0.463E+02  0.000E+00
   22.625  0.279E+01  0.885E+02  0.000E+00  0.186E+01  0.457E+02  0.000E+00
   22.675  0.255E+01  0.967E+02  0.000E+00  0.203E+01  0.528E+02  0.000E+00
   22.725  0.208E+01  0.121E+03  0.000E+00  0.187E+01  0.633E+02  0.000E+00
   22.775  0.145E+01  0.155E+03  0.000E+00  0.175E+01  0.772E+02  0.000E+00
   22.825  0.524E+00  0.176E+03  0.000E+00  0.175E+01  0.841E+02  0.000E+00
   22.875  0.000E+00  0.175E+03  0.000E+00  0.175E+01  0.841E+02  0.000E+00
   22.925  0.534E+00  0.165E+03  0.000E+00  0.168E+01  0.841E+02  0.000E+00
   22.975  0.146E+01  0.142E+03  0.000E+00  0.153E+01  0.788E+02  0.000E+00
   23.025  0.226E+01  0.955E+02  0.000E+00  0.109E+01  0.682E+02  0.000E+00
   23.075  0.317E+01  0.654E+02  0.000E+00  0.364E+00  0.630E+02  0.000E+00
   23.125  0.365E+01  0.825E+02  0.000E+00  0.000E+00  0.630E+02  0.000E+00
   23.175  0.304E+01  0.118E+03  0.000E+00  0.000E+00  0.597E+02  0.000E+00
   23.225  0.184E+01  0.133E+03  0.000E+00  0.328E+00  0.532E+02  0.000E+00
   23.275  0.105E+01  0.133E+03  0.000E+00  0.112E+01  0.500E+02  0.000E+00
   23.325  0.655E+00  0.131E+03  0.000E+00  0.177E+01  0.500E+02  0.000E+00
   23.375  0.221E+00  0.122E+03  0.000E+00  0.199E+01  0.563E+02  0.000E+00
   23.425  0.000E+00  0.112E+03  0.000E+00  0.187E+01  0.740E+02  0.000E+00
   23.475  0.000E+00  0.107E+03  0.000E+00  0.157E+01  0.921E+02  0.000E+00
   23.525  0.000E+00  0.985E+02  0.000E+00  0.140E+01  0.101E+03  0.000E+00
   23.575  0.000E+00  0.883E+02  0.000E+00  0.139E+01  0.986E+02  0.000E+00
   23.625  0.000E+00  0.839E+02  0.000E+00  0.139E+01  0.913E+02  0.000E+00
   23.675  0.000E+00  0.882E+02  0.000E+00  0.139E+01  0.862E+02  0.000E+00
   23.725  0.436E+00  0.959E+02  0.000E+00  0.175E+01  0.870E+02  0.000E+00
   23.775  0.131E+01  0.992E+02  0.000E+00  0.247E+01  0.906E+02  0.000E+00
   23.825  0.174E+01  0.992E+02  0.000E+00  0.294E+01  0.923E+02  0.000E+00
   23.875  0.234E+01  0.992E+02  0.000E+00  0.316E+01  0.956E+02  0.000E+00
   23.925  0.345E+01  0.979E+02  0.000E+00  0.327E+01  0.854E+02  0.000E+00
   23.975  0.388E+01  0.946E+02  0.000E+00  0.327E+01  0.474E+02  0.000E+00
   24.025  0.379E+01  0.918E+02  0.000E+00  0.327E+01  0.165E+02  0.000E+00
   24.075  0.379E+01  0.910E+02  0.000E+00  0.327E+01  0.221E+02  0.000E+00
   24.125  0.379E+01  0.910E+02  0.000E+00  0.283E+01  0.467E+02  0.000E+00
   24.175  0.292E+01  0.100E+03  0.000E+00  0.196E+01  0.615E+02  0.000E+00
   24.225  0.119E+01  0.119E+03  0.000E+00  0.153E+01  0.637E+02  0.000E+00
   24.275 -0.275E-01  0.129E+03  0.000E+00  0.153E+01  0.637E+02  0.000E+00
   24.325 -0.780E+00  0.137E+03  0.000E+00  0.153E+01  0.580E+02  0.000E+00
   24.375 -0.887E+00  0.157E+03  0.000E+00  0.153E+01  0.437E+02  0.000E+00
   24.425  0.121E+01  0.167E+03  0.000E+00  0.121E+01  0.324E+02  0.000E+00
   24.475  0.499E+01  0.146E+03  0.000E+00  0.438E+00  0.325E+02  0.000E+00
   24.525  0.716E+01  0.107E+03  0.000E+00  0.000E+00  0.396E+02  0.000E+00
   24.575  0.574E+01  0.854E+02  0.000E+00  0.860E+00  0.447E+02  0.000E+00
   24.625  0.248E+01  0.854E+02  0.000E+00  0.269E+01  0.402E+02  0.000E+00
   24.675  0.407E+00  0.879E+02  0.000E+00  0.379E+01  0.295E+02  0.000E+00
   24.725  0.000E+00  0.901E+02  0.000E+00  0.315E+01  0.261E+02  0.000E+00
   24.775  0.000E+00  0.968E+02  0.000E+00  0.180E+01  0.360E+02  0.000E+00
   24.825  0.000E+00  0.104E+03  0.000E+00  0.902E+00  0.532E+02  0.000E+00
   24.875  0.000E+00  0.104E+03  0.000E+00  0.301E+00  0.724E+02  0.000E+00
   24.925  0.702E+00  0.962E+02  0.000E+00  0.000E+00  0.910E+02  0.000E+00
   24.975  0.266E+01  0.867E+02  0.000E+00  0.000E+00  0.102E+03  0.000E+00
   25.025  0.461E+01  0.840E+02  0.000E+00  0.000E+00  0.100E+03  0.000E+00
   25.075  0.520E+01  0.753E+02  0.000E+00  0.273E+00  0.909E+02  0.000E+00
   25.125  0.417E+01  0.567E+02  0.000E+00  0.819E+00  0.840E+02  0.000E+00
   25.175  0.259E+01  0.475E+02  0.000E+00  0.118E+01  0.822E+02  0.000E+00
   25.225  0.193E+01  0.469E+02  0.000E+00  0.135E+01  0.703E+02  0.000E+00
   25.275  0.193E+01  0.436E+02  0.000E+00  0.111E+01  0.408E+02  0.000E+00
   25.325  0.157E+01  0.372E+02  0.000E+00  0.364E+00  0.166E+02  0.000E+00
   25.375  0.857E+00  0.329E+02  0.000E+00  0.000E+00  0.125E+02  0.000E+00
   25.425  0.500E+00  0.352E+02  0.000E+00  0.500E+00  0.241E+02  0.000E+00
   25.475  0.500E+00  0.441E+02  0.000E+00  0.137E+01  0.412E+02  0.000E+00
   25.525  0.375E+00  0.535E+02  0.000E+00  0.179E+01  0.517E+02  0.000E+00
   25.575  0.125E+00  0.587E+02  0.000E+00  0.128E+01  0.510E+02  0.000E+00
   25.625  0.000E+00  0.623E+02  0.000E+00  0.384E+00  0.442E+02  0.000E+00
   25.675  0.000E+00  0.711E+02  0.000E+00  0.000E+00  0.347E+02  0.000E+00
   25.725  0.000E+00  0.864E+02  0.000E+00  0.000E+00  0.234E+02  0.000E+00
   25.775  0.984E+00  0.974E+02  0.000E+00  0.000E+00  0.187E+02  0.000E+00
   25.825  0.292E+01  0.100E+03  0.000E+00  0.430E+00  0.199E+02  0.000E+00
   25.875  0.383E+01  0.977E+02  0.000E+00  0.129E+01  0.233E+02  0.000E+00
   25.925  0.406E+01  0.907E+02  0.000E+00  0.172E+01  0.293E+02  0.000E+00
   25.975  0.465E+01  0.818E+02  0.000E+00  0.197E+01  0.324E+02  0.000E+00
   26.025  0.477E+01  0.757E+02  0.000E+00  0.248E+01  0.318E+02  0.000E+00
   26.075  0.382E+01  0.741E+02  0.000E+00  0.253E+01  0.307E+02  0.000E+00
   26.125  0.258E+01  0.745E+02  0.000E+00  0.152E+01  0.308E+02  0.000E+00
   26.175  0.208E+01  0.746E+02  0.000E+00  0.000E+00  0.340E+02  0.000E+00
   26.225  0.156E+01  0.830E+02  0.000E+00 -0.638E+00  0.392E+02  0.000E+00
   26.275  0.520E+00  0.999E+02  0.000E+00  0.324E+00  0.406E+02  0.000E+00
   26.325  0.000E+00  0.989E+02  0.000E+00  0.182E+01  0.342E+02  0.000E+00
   26.375  0.000E+00  0.801E+02  0.000E+00  0.280E+01  0.243E+02  0.000E+00
   26.425  0.000E+00  0.707E+02  0.000E+00  0.355E+01  0.184E+02  0.000E+00
   26.475  0.000E+00  0.692E+02  0.000E+00  0.365E+01  0.176E+02  0.000E+00
   26.525  0.000E+00  0.656E+02  0.000E+00  0.235E+01  0.194E+02  0.000E+00
   26.575  0.000E+00  0.632E+02  0.000E+00  0.673E+00  0.214E+02  0.000E+00
   26.625  0.000E+00  0.641E+02  0.000E+00  0.000E+00  0.232E+02  0.000E+00
   26.675  0.000E+00  0.663E+02  0.000E+00  0.000E+00  0.238E+02  0.000E+00
   26.725  0.000E+00  0.673E+02  0.000E+00  0.000E+00  0.232E+02  0.000E+00
   26.775  0.000E+00  0.672E+02  0.000E+00  0.000E+00  0.216E+02  0.000E+00
   26.825  0.876E+00  0.654E+02  0.000E+00  0.000E+00  0.176E+02  0.000E+00
   26.875  0.309E+01  0.624E+02  0.000E+00  0.000E+00  0.139E+02  0.000E+00
   26.925  0.479E+01  0.609E+02  0.000E+00  0.000E+00  0.127E+02  0.000E+00
   26.975  0.453E+01  0.609E+02  0.000E+00  0.000E+00  0.128E+02  0.000E+00
   27.025  0.340E+01  0.609E+02  0.000E+00  0.000E+00  0.237E+02  0.000E+00
   27.075  0.304E+01  0.690E+02  0.000E+00  0.000E+00  0.472E+02  0.000E+00
   27.125  0.327E+01  0.850E+02  0.000E+00  0.000E+00  0.609E+02  0.000E+00
   27.175  0.336E+01  0.930E+02  0.000E+00  0.000E+00  0.566E+02  0.000E+00
   27.225  0.347E+01  0.930E+02  0.000E+00  0.000E+00  0.457E+02  0.000E+00
   27.275  0.367E+01  0.966E+02  0.000E+00  0.000E+00  0.387E+02  0.000E+00
   27.325  0.382E+01  0.104E+03  0.000E+00  0.465E+00  0.372E+02  0.000E+00
   27.375  0.395E+01  0.107E+03  0.000E+00  0.140E+01  0.372E+02  0.000E+00
   27.425  0.406E+01  0.107E+03  0.000E+00  0.186E+01  0.372E+02  0.000E+00
   27.475  0.322E+01  0.107E+03  0.000E+00  0.186E+01  0.326E+02  0.000E+00
   27.525  0.120E+01  0.986E+02  0.000E+00  0.186E+01  0.226E+02  0.000E+00
   27.575  0.000E+00  0.777E+02  0.000E+00  0.186E+01  0.158E+02  0.000E+00
   27.625  0.810E+00  0.614E+02  0.000E+00  0.140E+01  0.134E+02  0.000E+00
   27.675  0.228E+01  0.567E+02  0.000E+00  0.465E+00  0.128E+02  0.000E+00
   27.725  0.290E+01  0.560E+02  0.000E+00  0.000E+00  0.149E+02  0.000E+00
   27.775  0.291E+01  0.576E+02  0.000E+00  0.000E+00  0.183E+02  0.000E+00
   27.825  0.294E+01  0.607E+02  0.000E+00  0.000E+00  0.207E+02  0.000E+00
   27.875  0.296E+01  0.616E+02  0.000E+00  0.000E+00  0.207E+02  0.000E+00
   27.925  0.296E+01  0.582E+02  0.000E+00  0.000E+00  0.195E+02  0.000E+00
   27.975  0.219E+01  0.536E+02  0.000E+00  0.000E+00  0.190E+02  0.000E+00
   28.025  0.414E+00  0.528E+02  0.000E+00  0.000E+00  0.194E+02  0.000E+00
   28.075 -0.426E+00  0.552E+02  0.000E+00  0.000E+00  0.196E+02  0.000E+00
   28.125  0.957E+00  0.560E+02  0.000E+00  0.000E+00  0.177E+02  0.000E+00
   28.175  0.384E+01  0.531E+02  0.000E+00  0.000E+00  0.137E+02  0.000E+00
   28.225  0.653E+01  0.561E+02  0.000E+00  0.000E+00  0.123E+02  0.000E+00
   28.275  0.707E+01  0.705E+02  0.000E+00  0.000E+00  0.170E+02  0.000E+00
   28.325  0.465E+01  0.787E+02  0.000E+00  0.000E+00  0.236E+02  0.000E+00
   28.375  0.135E+01  0.695E+02  0.000E+00  0.000E+00  0.289E+02  0.000E+00
   28.425  0.000E+00  0.524E+02  0.000E+00  0.000E+00  0.345E+02  0.000E+00
   28.475  0.000E+00  0.418E+02  0.000E+00  0.000E+00  0.372E+02  0.000E+00
   28.525  0.108E+01  0.477E+02  0.000E+00  0.000E+00  0.379E+02  0.000E+00
   28.575  0.359E+01  0.625E+02  0.000E+00  0.000E+00  0.403E+02  0.000E+00
   28.625  0.502E+01  0.698E+02  0.000E+00  0.000E+00  0.417E+02  0.000E+00
   28.675  0.359E+01  0.684E+02  0.000E+00  0.000E+00  0.417E+02  0.000E+00
   28.725  0.108E+01  0.655E+02  0.000E+00  0.000E+00  0.417E+02  0.000E+00
   28.775  0.000E+00  0.574E+02  0.000E+00  0.000E+00  0.381E+02  0.000E+00
   28.825  0.000E+00  0.421E+02  0.000E+00  0.000E+00  0.270E+02  0.000E+00
   28.875  0.000E+00  0.313E+02  0.000E+00  0.000E+00  0.166E+02  0.000E+00
   28.925  0.000E+00  0.284E+02  0.000E+00  0.000E+00  0.149E+02  0.000E+00
   28.975  0.000E+00  0.302E+02  0.000E+00  0.000E+00  0.166E+02  0.000E+00
   29.025  0.000E+00  0.347E+02  0.000E+00  0.000E+00  0.151E+02  0.000E+00
   29.075  0.000E+00  0.370E+02  0.000E+00  0.000E+00  0.112E+02  0.000E+00
   29.125  0.000E+00  0.344E+02  0.000E+00  0.000E+00  0.106E+02  0.000E+00
   29.175  0.000E+00  0.294E+02  0.000E+00  0.000E+00  0.171E+02  0.000E+00
   29.225  0.000E+00  0.271E+02  0.000E+00  0.000E+00  0.246E+02  0.000E+00
   29.275  0.000E+00  0.271E+02  0.000E+00  0.000E+00  0.263E+02  0.000E+00
   29.325  0.000E+00  0.364E+02  0.000E+00  0.000E+00  0.255E+02  0.000E+00
   29.375  0.000E+00  0.549E+02  0.000E+00  0.000E+00  0.253E+02  0.000E+00
   29.425  0.000E+00  0.642E+02  0.000E+00  0.000E+00  0.237E+02  0.000E+00
   29.475  0.000E+00  0.642E+02  0.000E+00  0.307E+00  0.212E+02  0.000E+00
   29.525  0.000E+00  0.561E+02  0.000E+00  0.921E+00  0.200E+02  0.000E+00
   29.575  0.000E+00  0.389E+02  0.000E+00  0.123E+01  0.185E+02  0.000E+00
   29.625  0.528E+00  0.283E+02  0.000E+00  0.123E+01  0.154E+02  0.000E+00
   29.675  0.158E+01  0.266E+02  0.000E+00  0.921E+00  0.139E+02  0.000E+00
   29.725  0.218E+01  0.266E+02  0.000E+00  0.307E+00  0.140E+02  0.000E+00
   29.775  0.241E+01  0.272E+02  0.000E+00  0.000E+00  0.138E+02  0.000E+00
   29.825  0.267E+01  0.347E+02  0.000E+00  0.000E+00  0.127E+02  0.000E+00
   29.875  0.266E+01  0.520E+02  0.000E+00  0.000E+00  0.105E+02  0.000E+00
   29.925  0.186E+01  0.636E+02  0.000E+00  0.000E+00  0.755E+01  0.000E+00
   29.975  0.585E+00  0.578E+02  0.000E+00  0.000E+00  0.736E+01  0.000E+00
   30.025  0.000E+00  0.448E+02  0.000E+00  0.000E+00  0.144E+02  0.000E+00
   30.075  0.000E+00  0.390E+02  0.000E+00  0.000E+00  0.260E+02  0.000E+00
   30.125  0.000E+00  0.381E+02  0.000E+00  0.000E+00  0.321E+02  0.000E+00
   30.175  0.000E+00  0.362E+02  0.000E+00  0.000E+00  0.269E+02  0.000E+00
   30.225  0.000E+00  0.349E+02  0.000E+00  0.000E+00  0.172E+02  0.000E+00
   30.275  0.000E+00  0.352E+02  0.000E+00  0.000E+00  0.130E+02  0.000E+00
   30.325  0.000E+00  0.379E+02  0.000E+00  0.000E+00  0.129E+02  0.000E+00
   30.375  0.000E+00  0.417E+02  0.000E+00  0.000E+00  0.132E+02  0.000E+00
   30.425  0.000E+00  0.435E+02  0.000E+00  0.000E+00  0.138E+02  0.000E+00
   30.475  0.000E+00  0.435E+02  0.000E+00  0.000E+00  0.141E+02  0.000E+00
   30.525  0.000E+00  0.390E+02  0.000E+00  0.767E+00  0.133E+02  0.000E+00
   30.575  0.000E+00  0.287E+02  0.000E+00  0.256E+01  0.119E+02  0.000E+00
   30.625  0.000E+00  0.232E+02  0.000E+00  0.358E+01  0.109E+02  0.000E+00
   30.675  0.000E+00  0.299E+02  0.000E+00  0.256E+01  0.103E+02  0.000E+00
   30.725  0.000E+00  0.409E+02  0.000E+00  0.767E+00  0.101E+02  0.000E+00
   30.775  0.000E+00  0.481E+02  0.000E+00  0.000E+00  0.960E+01  0.000E+00
   30.825  0.000E+00  0.541E+02  0.000E+00  0.000E+00  0.895E+01  0.000E+00
   30.875  0.000E+00  0.576E+02  0.000E+00  0.000E+00  0.944E+01  0.000E+00
   30.925  0.000E+00  0.503E+02  0.000E+00  0.000E+00  0.101E+02  0.000E+00
   30.975  0.883E+00  0.348E+02  0.000E+00  0.000E+00  0.101E+02  0.000E+00
   31.025  0.269E+01  0.234E+02  0.000E+00  0.000E+00  0.101E+02  0.000E+00
   31.075  0.390E+01  0.210E+02  0.000E+00  0.000E+00  0.101E+02  0.000E+00
   31.125  0.430E+01  0.281E+02  0.000E+00  0.000E+00  0.101E+02  0.000E+00
   31.175  0.429E+01  0.380E+02  0.000E+00  0.000E+00  0.101E+02  0.000E+00
   31.225  0.416E+01  0.447E+02  0.000E+00  0.000E+00  0.908E+01  0.000E+00
   31.275  0.312E+01  0.510E+02  0.000E+00  0.000E+00  0.706E+01  0.000E+00
   31.325  0.104E+01  0.542E+02  0.000E+00  0.000E+00  0.592E+01  0.000E+00
   31.375  0.000E+00  0.564E+02  0.000E+00  0.000E+00  0.565E+01  0.000E+00
   31.425  0.000E+00  0.614E+02  0.000E+00  0.000E+00  0.559E+01  0.000E+00
   31.475  0.129E+01  0.645E+02  0.000E+00  0.000E+00  0.594E+01  0.000E+00
   31.525  0.430E+01  0.620E+02  0.000E+00  0.000E+00  0.758E+01  0.000E+00
   31.575  0.602E+01  0.526E+02  0.000E+00  0.000E+00  0.102E+02  0.000E+00
   31.625  0.430E+01  0.409E+02  0.000E+00  0.000E+00  0.123E+02  0.000E+00
   31.675  0.129E+01  0.367E+02  0.000E+00  0.000E+00  0.140E+02  0.000E+00
   31.725  0.000E+00  0.377E+02  0.000E+00  0.000E+00  0.145E+02  0.000E+00
   31.775  0.000E+00  0.367E+02  0.000E+00  0.000E+00  0.127E+02  0.000E+00
   31.825  0.000E+00  0.305E+02  0.000E+00  0.000E+00  0.101E+02  0.000E+00
   31.875  0.000E+00  0.226E+02  0.000E+00  0.000E+00  0.843E+01  0.000E+00
   31.925  0.000E+00  0.194E+02  0.000E+00  0.000E+00  0.913E+01  0.000E+00
   31.975  0.000E+00  0.194E+02  0.000E+00  0.000E+00  0.116E+02  0.000E+00
   32.025  0.000E+00  0.216E+02  0.000E+00  0.000E+00  0.138E+02  0.000E+00
   32.075  0.000E+00  0.282E+02  0.000E+00  0.000E+00  0.143E+02  0.000E+00
   32.125  0.000E+00  0.354E+02  0.000E+00  0.000E+00  0.131E+02  0.000E+00
   32.175  0.000E+00  0.383E+02  0.000E+00  0.000E+00  0.114E+02  0.000E+00
   32.225  0.000E+00  0.353E+02  0.000E+00  0.000E+00  0.973E+01  0.000E+00
   32.275  0.000E+00  0.298E+02  0.000E+00  0.000E+00  0.753E+01  0.000E+00
   32.325  0.000E+00  0.274E+02  0.000E+00  0.000E+00  0.595E+01  0.000E+00
   32.375  0.000E+00  0.242E+02  0.000E+00  0.000E+00  0.620E+01  0.000E+00
   32.425  0.000E+00  0.164E+02  0.000E+00  0.000E+00  0.752E+01  0.000E+00
   32.475  0.000E+00  0.106E+02  0.000E+00  0.000E+00  0.862E+01  0.000E+00
   32.525  0.000E+00  0.117E+02  0.000E+00  0.000E+00  0.894E+01  0.000E+00
   32.575  0.000E+00  0.159E+02  0.000E+00  0.000E+00  0.958E+01  0.000E+00
   32.625  0.000E+00  0.199E+02  0.000E+00  0.000E+00  0.109E+02  0.000E+00
   32.675  0.000E+00  0.240E+02  0.000E+00  0.000E+00  0.122E+02  0.000E+00
   32.725  0.000E+00  0.261E+02  0.000E+00  0.000E+00  0.139E+02  0.000E+00
   32.775  0.000E+00  0.261E+02  0.000E+00  0.000E+00  0.147E+02  0.000E+00
   32.825  0.000E+00  0.267E+02  0.000E+00  0.000E+00  0.125E+02  0.000E+00
   32.875  0.000E+00  0.280E+02  0.000E+00  0.000E+00  0.839E+01  0.000E+00
   32.925  0.000E+00  0.286E+02  0.000E+00  0.000E+00  0.635E+01  0.000E+00
   32.975  0.722E+00  0.287E+02  0.000E+00  0.000E+00  0.626E+01  0.000E+00
   33.025  0.216E+01  0.286E+02  0.000E+00  0.000E+00  0.663E+01  0.000E+00
   33.075  0.289E+01  0.259E+02  0.000E+00  0.000E+00  0.824E+01  0.000E+00
   33.125  0.265E+01  0.198E+02  0.000E+00  0.000E+00  0.103E+02  0.000E+00
   33.175  0.218E+01  0.151E+02  0.000E+00  0.000E+00  0.112E+02  0.000E+00
   33.225  0.251E+01  0.153E+02  0.000E+00  0.000E+00  0.112E+02  0.000E+00
   33.275  0.373E+01  0.229E+02  0.000E+00  0.000E+00  0.112E+02  0.000E+00
   33.325  0.424E+01  0.343E+02  0.000E+00  0.000E+00  0.103E+02  0.000E+00
   33.375  0.299E+01  0.393E+02  0.000E+00  0.000E+00  0.844E+01  0.000E+00
   33.425  0.931E+00  0.393E+02  0.000E+00  0.000E+00  0.715E+01  0.000E+00
   33.475  0.000E+00  0.393E+02  0.000E+00  0.000E+00  0.626E+01  0.000E+00
   33.525  0.000E+00  0.413E+02  0.000E+00  0.000E+00  0.559E+01  0.000E+00
   33.575  0.000E+00  0.454E+02  0.000E+00  0.000E+00  0.545E+01  0.000E+00
   33.625  0.000E+00  0.475E+02  0.000E+00  0.000E+00  0.545E+01  0.000E+00
   33.675  0.000E+00  0.489E+02  0.000E+00  0.000E+00  0.545E+01  0.000E+00
   33.725  0.000E+00  0.518E+02  0.000E+00  0.000E+00  0.582E+01  0.000E+00
   33.775  0.000E+00  0.482E+02  0.000E+00  0.000E+00  0.739E+01  0.000E+00
   33.825  0.000E+00  0.356E+02  0.000E+00  0.000E+00  0.941E+01  0.000E+00
   33.875  0.000E+00  0.251E+02  0.000E+00  0.000E+00  0.102E+02  0.000E+00
   33.925  0.000E+00  0.248E+02  0.000E+00  0.000E+00  0.102E+02  0.000E+00
   33.975  0.000E+00  0.289E+02  0.000E+00  0.000E+00  0.107E+02  0.000E+00
   34.025  0.675E+00  0.295E+02  0.000E+00  0.000E+00  0.116E+02  0.000E+00
   34.075  0.203E+01  0.289E+02  0.000E+00  0.000E+00  0.121E+02  0.000E+00
   34.125  0.270E+01  0.285E+02  0.000E+00  0.000E+00  0.121E+02  0.000E+00
   34.175  0.270E+01  0.270E+02  0.000E+00  0.000E+00  0.111E+02  0.000E+00
   34.225  0.203E+01  0.271E+02  0.000E+00  0.000E+00  0.879E+01  0.000E+00
   34.275  0.675E+00  0.288E+02  0.000E+00  0.000E+00  0.701E+01  0.000E+00
   34.325  0.000E+00  0.291E+02  0.000E+00  0.000E+00  0.681E+01  0.000E+00
   34.375  0.000E+00  0.278E+02  0.000E+00  0.000E+00  0.712E+01  0.000E+00
   34.425  0.000E+00  0.272E+02  0.000E+00  0.000E+00  0.724E+01  0.000E+00
   34.475  0.000E+00  0.273E+02  0.000E+00  0.000E+00  0.724E+01  0.000E+00
   34.525  0.865E+00  0.245E+02  0.000E+00  0.000E+00  0.724E+01  0.000E+00
   34.575  0.314E+01  0.173E+02  0.000E+00  0.000E+00  0.670E+01  0.000E+00
   34.625  0.511E+01  0.118E+02  0.000E+00  0.000E+00  0.677E+01  0.000E+00
   34.675  0.517E+01  0.127E+02  0.000E+00  0.000E+00  0.669E+01  0.000E+00
   34.725  0.324E+01  0.168E+02  0.000E+00  0.000E+00  0.399E+01  0.000E+00
   34.775  0.908E+00  0.188E+02  0.000E+00  0.000E+00  0.346E+01  0.000E+00
   34.825  0.000E+00  0.190E+02  0.000E+00  0.000E+00  0.922E+01  0.000E+00
   34.875  0.000E+00  0.191E+02  0.000E+00  0.000E+00  0.173E+02  0.000E+00
   34.925  0.000E+00  0.191E+02  0.000E+00  0.000E+00  0.212E+02  0.000E+00
   34.975  0.000E+00  0.191E+02  0.000E+00  0.000E+00  0.168E+02  0.000E+00
   35.025  0.000E+00  0.216E+02  0.000E+00  0.000E+00  0.799E+01  0.000E+00
   35.075  0.000E+00  0.275E+02  0.000E+00  0.000E+00  0.261E+01  0.000E+00
   35.125  0.000E+00  0.316E+02  0.000E+00  0.000E+00  0.335E+01  0.000E+00
   35.175  0.706E+00  0.302E+02  0.000E+00  0.000E+00  0.583E+01  0.000E+00
   35.225  0.235E+01  0.265E+02  0.000E+00  0.000E+00  0.554E+01  0.000E+00
   35.275  0.330E+01  0.248E+02  0.000E+00  0.000E+00  0.411E+01  0.000E+00
   35.325  0.235E+01  0.248E+02  0.000E+00  0.000E+00  0.420E+01  0.000E+00
   35.375  0.706E+00  0.231E+02  0.000E+00  0.000E+00  0.525E+01  0.000E+00
   35.425  0.000E+00  0.189E+02  0.000E+00  0.000E+00  0.604E+01  0.000E+00
   35.475  0.000E+00  0.158E+02  0.000E+00  0.000E+00  0.591E+01  0.000E+00
   35.525  0.000E+00  0.165E+02  0.000E+00  0.000E+00  0.533E+01  0.000E+00
   35.575  0.000E+00  0.208E+02  0.000E+00  0.000E+00  0.474E+01  0.000E+00
   35.625  0.000E+00  0.258E+02  0.000E+00  0.000E+00  0.457E+01  0.000E+00
   35.675  0.000E+00  0.268E+02  0.000E+00  0.000E+00  0.511E+01  0.000E+00
   35.725  0.000E+00  0.234E+02  0.000E+00  0.000E+00  0.518E+01  0.000E+00
   35.775  0.000E+00  0.185E+02  0.000E+00  0.000E+00  0.407E+01  0.000E+00
   35.825  0.000E+00  0.178E+02  0.000E+00  0.000E+00  0.251E+01  0.000E+00
   35.875  0.000E+00  0.238E+02  0.000E+00  0.000E+00  0.141E+01  0.000E+00
   35.925  0.000E+00  0.286E+02  0.000E+00  0.000E+00  0.152E+01  0.000E+00
   35.975  0.000E+00  0.243E+02  0.000E+00  0.000E+00  0.258E+01  0.000E+00
   36.025  0.000E+00  0.137E+02  0.000E+00  0.000E+00  0.396E+01  0.000E+00
   36.075  0.000E+00  0.678E+01  0.000E+00  0.000E+00  0.574E+01  0.000E+00
   36.125  0.000E+00  0.962E+01  0.000E+00  0.000E+00  0.765E+01  0.000E+00
   36.175  0.000E+00  0.167E+02  0.000E+00  0.000E+00  0.903E+01  0.000E+00
   36.225  0.000E+00  0.194E+02  0.000E+00  0.000E+00  0.925E+01  0.000E+00
   36.275  0.000E+00  0.190E+02  0.000E+00  0.000E+00  0.821E+01  0.000E+00
   36.325  0.000E+00  0.188E+02  0.000E+00  0.000E+00  0.665E+01  0.000E+00
   36.375  0.000E+00  0.189E+02  0.000E+00  0.000E+00  0.555E+01  0.000E+00
   36.425  0.000E+00  0.195E+02  0.000E+00  0.000E+00  0.563E+01  0.000E+00
   36.475  0.000E+00  0.198E+02  0.000E+00  0.000E+00  0.657E+01  0.000E+00
   36.525  0.000E+00  0.198E+02  0.000E+00  0.000E+00  0.692E+01  0.000E+00
   36.575  0.000E+00  0.198E+02  0.000E+00  0.000E+00  0.597E+01  0.000E+00
   36.625  0.742E-01  0.198E+02  0.000E+00  0.000E+00  0.466E+01  0.000E+00
   36.675  0.247E+00  0.197E+02  0.000E+00  0.000E+00  0.403E+01  0.000E+00
   36.725  0.346E+00  0.195E+02  0.000E+00  0.000E+00  0.365E+01  0.000E+00
   36.775  0.247E+00  0.194E+02  0.000E+00  0.000E+00  0.285E+01  0.000E+00
   36.825  0.742E-01  0.194E+02  0.000E+00  0.000E+00  0.237E+01  0.000E+00
   36.875  0.000E+00  0.179E+02  0.000E+00  0.000E+00  0.288E+01  0.000E+00
   36.925  0.000E+00  0.142E+02  0.000E+00  0.000E+00  0.437E+01  0.000E+00
   36.975  0.000E+00  0.114E+02  0.000E+00  0.000E+00  0.595E+01  0.000E+00
   37.025  0.000E+00  0.121E+02  0.000E+00  0.000E+00  0.655E+01  0.000E+00
   37.075  0.000E+00  0.154E+02  0.000E+00  0.000E+00  0.655E+01  0.000E+00
   37.125  0.000E+00  0.205E+02  0.000E+00  0.000E+00  0.632E+01  0.000E+00
   37.175  0.000E+00  0.270E+02  0.000E+00  0.000E+00  0.570E+01  0.000E+00
   37.225  0.000E+00  0.298E+02  0.000E+00  0.000E+00  0.515E+01  0.000E+00
   37.275  0.000E+00  0.252E+02  0.000E+00  0.000E+00  0.499E+01  0.000E+00
   37.325  0.000E+00  0.171E+02  0.000E+00  0.000E+00  0.488E+01  0.000E+00
   37.375  0.000E+00  0.129E+02  0.000E+00  0.000E+00  0.461E+01  0.000E+00
   37.425  0.000E+00  0.148E+02  0.000E+00  0.000E+00  0.437E+01  0.000E+00
   37.475  0.000E+00  0.192E+02  0.000E+00  0.000E+00  0.441E+01  0.000E+00
   37.525  0.000E+00  0.211E+02  0.000E+00  0.000E+00  0.571E+01  0.000E+00
   37.575  0.000E+00  0.206E+02  0.000E+00  0.000E+00  0.825E+01  0.000E+00
   37.625  0.000E+00  0.204E+02  0.000E+00  0.000E+00  0.923E+01  0.000E+00
   37.675  0.000E+00  0.215E+02  0.000E+00  0.000E+00  0.668E+01  0.000E+00
   37.725  0.000E+00  0.222E+02  0.000E+00  0.000E+00  0.228E+01  0.000E+00
   37.775  0.000E+00  0.223E+02  0.000E+00  0.000E+00 -0.345E+00  0.000E+00
   37.825  0.000E+00  0.223E+02  0.000E+00  0.000E+00  0.552E+00  0.000E+00
   37.875  0.000E+00  0.223E+02  0.000E+00  0.000E+00  0.347E+01  0.000E+00
   37.925  0.000E+00  0.223E+02  0.000E+00  0.000E+00  0.529E+01  0.000E+00
   37.975  0.000E+00  0.227E+02  0.000E+00  0.000E+00  0.449E+01  0.000E+00
   38.025  0.000E+00  0.267E+02  0.000E+00  0.000E+00  0.294E+01  0.000E+00
   38.075  0.000E+00  0.336E+02  0.000E+00  0.000E+00  0.284E+01  0.000E+00
   38.125  0.000E+00  0.369E+02  0.000E+00  0.000E+00  0.362E+01  0.000E+00
   38.175  0.000E+00  0.369E+02  0.000E+00  0.000E+00  0.396E+01  0.000E+00
   38.225  0.000E+00  0.311E+02  0.000E+00  0.000E+00  0.395E+01  0.000E+00
   38.275  0.000E+00  0.168E+02  0.000E+00  0.000E+00  0.395E+01  0.000E+00
   38.325  0.000E+00  0.540E+01  0.000E+00  0.000E+00  0.395E+01  0.000E+00
   38.375  0.000E+00  0.561E+01  0.000E+00  0.000E+00  0.395E+01  0.000E+00
   38.425  0.000E+00  0.116E+02  0.000E+00  0.000E+00  0.366E+01  0.000E+00
   38.475  0.000E+00  0.145E+02  0.000E+00  0.000E+00  0.285E+01  0.000E+00
   38.525  0.000E+00  0.145E+02  0.000E+00  0.000E+00  0.211E+01  0.000E+00
   38.575  0.000E+00  0.144E+02  0.000E+00  0.000E+00  0.212E+01  0.000E+00
   38.625  0.000E+00  0.143E+02  0.000E+00  0.000E+00  0.258E+01  0.000E+00
   38.675  0.000E+00  0.138E+02  0.000E+00  0.000E+00  0.264E+01  0.000E+00
   38.725  0.000E+00  0.131E+02  0.000E+00  0.000E+00  0.231E+01  0.000E+00
   38.775  0.000E+00  0.132E+02  0.000E+00  0.000E+00  0.214E+01  0.000E+00
   38.825  0.000E+00  0.165E+02  0.000E+00  0.000E+00  0.255E+01  0.000E+00
   38.875  0.000E+00  0.214E+02  0.000E+00  0.000E+00  0.351E+01  0.000E+00
   38.925  0.000E+00  0.243E+02  0.000E+00  0.000E+00  0.411E+01  0.000E+00
   38.975  0.000E+00  0.257E+02  0.000E+00  0.000E+00  0.381E+01  0.000E+00
   39.025  0.000E+00  0.258E+02  0.000E+00  0.000E+00  0.288E+01  0.000E+00
   39.075  0.000E+00  0.232E+02  0.000E+00  0.000E+00  0.197E+01  0.000E+00
   39.125  0.000E+00  0.198E+02  0.000E+00  0.000E+00  0.170E+01  0.000E+00
   39.175  0.000E+00  0.185E+02  0.000E+00  0.000E+00  0.218E+01  0.000E+00
   39.225  0.000E+00  0.179E+02  0.000E+00  0.000E+00  0.366E+01  0.000E+00
   39.275  0.000E+00  0.154E+02  0.000E+00  0.000E+00  0.572E+01  0.000E+00
   39.325  0.000E+00  0.121E+02  0.000E+00  0.000E+00  0.656E+01  0.000E+00
   39.375  0.000E+00  0.105E+02  0.000E+00  0.000E+00  0.512E+01  0.000E+00
   39.425  0.000E+00  0.120E+02  0.000E+00  0.000E+00  0.309E+01  0.000E+00
   39.475  0.000E+00  0.147E+02  0.000E+00  0.000E+00  0.213E+01  0.000E+00
   39.525  0.000E+00  0.163E+02  0.000E+00  0.000E+00  0.176E+01  0.000E+00
   39.575  0.000E+00  0.170E+02  0.000E+00  0.000E+00  0.159E+01  0.000E+00
   39.625  0.000E+00  0.154E+02  0.000E+00  0.000E+00  0.143E+01  0.000E+00
   39.675  0.000E+00  0.106E+02  0.000E+00  0.000E+00  0.119E+01  0.000E+00
   39.725  0.000E+00  0.759E+01  0.000E+00  0.000E+00  0.125E+01  0.000E+00
   39.775  0.000E+00  0.980E+01  0.000E+00  0.000E+00  0.147E+01  0.000E+00
   39.825  0.000E+00  0.141E+02  0.000E+00  0.000E+00  0.157E+01  0.000E+00
   39.875  0.000E+00  0.160E+02  0.000E+00  0.000E+00  0.180E+01  0.000E+00
   39.925  0.000E+00  0.161E+02  0.000E+00  0.000E+00  0.226E+01  0.000E+00
   39.975  0.000E+00  0.166E+02  0.000E+00  0.000E+00  0.400E+01  0.000E+00
   40.025  0.000E+00  0.175E+02  0.000E+00  0.000E+00  0.762E+01  0.000E+00
   40.075  0.000E+00  0.182E+02  0.000E+00  0.000E+00  0.100E+02  0.000E+00
   40.125  0.000E+00  0.180E+02  0.000E+00  0.000E+00  0.879E+01  0.000E+00
   40.175  0.000E+00  0.172E+02  0.000E+00  0.000E+00  0.566E+01  0.000E+00
   40.225  0.000E+00  0.167E+02  0.000E+00  0.000E+00  0.375E+01  0.000E+00
   40.275  0.000E+00  0.174E+02  0.000E+00  0.000E+00  0.414E+01  0.000E+00
   40.325  0.000E+00  0.186E+02  0.000E+00  0.000E+00  0.541E+01  0.000E+00
   40.375  0.000E+00  0.192E+02  0.000E+00  0.000E+00  0.600E+01  0.000E+00
   40.425  0.000E+00  0.185E+02  0.000E+00  0.000E+00  0.599E+01  0.000E+00
   40.475  0.000E+00  0.173E+02  0.000E+00  0.000E+00  0.598E+01  0.000E+00
   40.525  0.000E+00  0.169E+02  0.000E+00  0.000E+00  0.568E+01  0.000E+00
   40.575  0.000E+00  0.169E+02  0.000E+00  0.000E+00  0.507E+01  0.000E+00
   40.625  0.000E+00  0.169E+02  0.000E+00  0.000E+00  0.477E+01  0.000E+00
   40.675  0.000E+00  0.169E+02  0.000E+00  0.000E+00  0.477E+01  0.000E+00
   40.725  0.000E+00  0.170E+02  0.000E+00  0.000E+00  0.477E+01  0.000E+00
   40.775  0.000E+00  0.171E+02  0.000E+00  0.000E+00  0.477E+01  0.000E+00
   40.825  0.000E+00  0.166E+02  0.000E+00  0.000E+00  0.477E+01  0.000E+00
   40.875  0.000E+00  0.156E+02  0.000E+00  0.000E+00  0.490E+01  0.000E+00
   40.925  0.000E+00  0.148E+02  0.000E+00  0.000E+00  0.516E+01  0.000E+00
   40.975  0.000E+00  0.142E+02  0.000E+00  0.000E+00  0.416E+01  0.000E+00
   41.025  0.000E+00  0.140E+02  0.000E+00  0.000E+00  0.152E+01  0.000E+00
   41.075  0.000E+00  0.136E+02  0.000E+00  0.000E+00  0.000E+00  0.000E+00
   41.125  0.000E+00  0.126E+02  0.000E+00  0.000E+00  0.147E+01  0.000E+00
   41.175  0.000E+00  0.120E+02  0.000E+00  0.000E+00  0.465E+01  0.000E+00
   41.225  0.000E+00  0.124E+02  0.000E+00  0.000E+00  0.706E+01  0.000E+00
   41.275  0.000E+00  0.131E+02  0.000E+00  0.000E+00  0.755E+01  0.000E+00
   41.325  0.000E+00  0.133E+02  0.000E+00  0.000E+00  0.612E+01  0.000E+00
   41.375  0.000E+00  0.132E+02  0.000E+00  0.000E+00  0.405E+01  0.000E+00
   41.425  0.000E+00  0.132E+02  0.000E+00  0.000E+00  0.287E+01  0.000E+00
   41.475  0.000E+00  0.155E+02  0.000E+00  0.000E+00  0.222E+01  0.000E+00
   41.525  0.000E+00  0.220E+02  0.000E+00  0.000E+00  0.186E+01  0.000E+00
   41.575  0.000E+00  0.277E+02  0.000E+00  0.000E+00  0.176E+01  0.000E+00
   41.625  0.000E+00  0.271E+02  0.000E+00  0.000E+00  0.171E+01  0.000E+00
   41.675  0.000E+00  0.223E+02  0.000E+00  0.000E+00  0.178E+01  0.000E+00
   41.725  0.000E+00  0.173E+02  0.000E+00  0.000E+00  0.188E+01  0.000E+00
   41.775  0.000E+00  0.120E+02  0.000E+00  0.000E+00  0.192E+01  0.000E+00
   41.825  0.000E+00  0.871E+01  0.000E+00  0.000E+00  0.243E+01  0.000E+00
   41.875  0.000E+00  0.990E+01  0.000E+00  0.000E+00  0.341E+01  0.000E+00
   41.925  0.000E+00  0.133E+02  0.000E+00  0.000E+00  0.384E+01  0.000E+00
   41.975  0.000E+00  0.146E+02  0.000E+00  0.000E+00  0.391E+01  0.000E+00
   42.025  0.000E+00  0.124E+02  0.000E+00  0.000E+00  0.429E+01  0.000E+00
   42.075  0.000E+00  0.885E+01  0.000E+00  0.000E+00  0.453E+01  0.000E+00
   42.125  0.000E+00  0.676E+01  0.000E+00  0.000E+00  0.419E+01  0.000E+00
   42.175  0.000E+00  0.822E+01  0.000E+00  0.000E+00  0.354E+01  0.000E+00
   42.225  0.000E+00  0.122E+02  0.000E+00  0.000E+00  0.315E+01  0.000E+00
   42.275  0.000E+00  0.149E+02  0.000E+00  0.000E+00  0.328E+01  0.000E+00
   42.325  0.000E+00  0.153E+02  0.000E+00  0.000E+00  0.386E+01  0.000E+00
   42.375  0.000E+00  0.176E+02  0.000E+00  0.000E+00  0.454E+01  0.000E+00
   42.425  0.000E+00  0.227E+02  0.000E+00  0.000E+00  0.469E+01  0.000E+00
   42.475  0.000E+00  0.209E+02  0.000E+00  0.000E+00  0.379E+01  0.000E+00
   42.525  0.000E+00  0.122E+02  0.000E+00  0.000E+00  0.254E+01  0.000E+00
   42.575  0.000E+00  0.119E+02  0.000E+00  0.000E+00  0.176E+01  0.000E+00
   42.625  0.000E+00  0.200E+02  0.000E+00  0.000E+00  0.117E+01  0.000E+00
   42.675  0.000E+00  0.211E+02  0.000E+00  0.000E+00  0.116E+01  0.000E+00
   42.725  0.000E+00  0.151E+02  0.000E+00  0.000E+00  0.248E+01  0.000E+00
   42.775  0.000E+00  0.118E+02  0.000E+00  0.000E+00  0.412E+01  0.000E+00
   42.825  0.000E+00  0.112E+02  0.000E+00  0.000E+00  0.442E+01  0.000E+00
   42.875  0.000E+00  0.109E+02  0.000E+00  0.000E+00  0.289E+01  0.000E+00
   42.925  0.000E+00  0.109E+02  0.000E+00  0.000E+00  0.844E+00  0.000E+00
   42.975  0.000E+00  0.125E+02  0.000E+00  0.000E+00  0.000E+00  0.000E+00
   43.025  0.000E+00  0.157E+02  0.000E+00  0.000E+00  0.000E+00  0.000E+00
   43.075  0.000E+00  0.173E+02  0.000E+00  0.000E+00  0.000E+00  0.000E+00
   43.125  0.000E+00  0.173E+02  0.000E+00  0.000E+00  0.000E+00  0.000E+00
   43.175  0.000E+00  0.173E+02  0.000E+00  0.000E+00  0.000E+00  0.000E+00
   43.225  0.000E+00  0.155E+02  0.000E+00  0.000E+00  0.102E+01  0.000E+00
   43.275  0.000E+00  0.119E+02  0.000E+00  0.000E+00  0.340E+01  0.000E+00
   43.325  0.000E+00  0.101E+02  0.000E+00  0.000E+00  0.477E+01  0.000E+00
   43.375  0.000E+00  0.101E+02  0.000E+00  0.000E+00  0.343E+01  0.000E+00
   43.425  0.000E+00  0.123E+02  0.000E+00  0.000E+00  0.107E+01  0.000E+00
   43.475  0.000E+00  0.166E+02  0.000E+00  0.000E+00  0.543E-01  0.000E+00
   43.525  0.000E+00  0.188E+02  0.000E+00  0.000E+00  0.543E-01  0.000E+00
   43.575  0.000E+00  0.188E+02  0.000E+00  0.000E+00  0.746E+00  0.000E+00
   43.625  0.000E+00  0.188E+02  0.000E+00  0.000E+00  0.213E+01  0.000E+00
   43.675  0.000E+00  0.188E+02  0.000E+00  0.000E+00  0.282E+01  0.000E+00
   43.725  0.000E+00  0.188E+02  0.000E+00  0.000E+00  0.282E+01  0.000E+00
   43.775  0.000E+00  0.187E+02  0.000E+00  0.000E+00  0.208E+01  0.000E+00
   43.825  0.000E+00  0.185E+02  0.000E+00  0.000E+00  0.445E+00  0.000E+00
   43.875  0.000E+00  0.184E+02  0.000E+00  0.000E+00 -0.119E+00  0.000E+00
   43.925  0.000E+00  0.169E+02  0.000E+00  0.000E+00  0.174E+01  0.000E+00
   43.975  0.000E+00  0.131E+02  0.000E+00  0.000E+00  0.472E+01  0.000E+00
   44.025  0.000E+00  0.983E+01  0.000E+00  0.000E+00  0.626E+01  0.000E+00
   44.075  0.000E+00  0.870E+01  0.000E+00  0.000E+00  0.505E+01  0.000E+00
   44.125  0.000E+00  0.964E+01  0.000E+00  0.000E+00  0.278E+01  0.000E+00
   44.175  0.000E+00  0.118E+02  0.000E+00  0.000E+00  0.179E+01  0.000E+00
   44.225  0.000E+00  0.133E+02  0.000E+00  0.000E+00  0.179E+01  0.000E+00
   44.275  0.000E+00  0.146E+02  0.000E+00  0.000E+00  0.134E+01  0.000E+00
   44.325  0.000E+00  0.184E+02  0.000E+00  0.000E+00  0.448E+00  0.000E+00
   44.375  0.000E+00  0.237E+02  0.000E+00  0.000E+00  0.000E+00  0.000E+00
   44.425  0.000E+00  0.274E+02  0.000E+00  0.000E+00  0.000E+00  0.000E+00
   44.475  0.000E+00  0.282E+02  0.000E+00  0.000E+00  0.380E+00  0.000E+00
   44.525  0.000E+00  0.262E+02  0.000E+00  0.000E+00  0.114E+01  0.000E+00
   44.575  0.000E+00  0.229E+02  0.000E+00  0.000E+00  0.152E+01  0.000E+00
   44.625  0.000E+00  0.208E+02  0.000E+00  0.000E+00  0.152E+01  0.000E+00
   44.675  0.000E+00  0.203E+02  0.000E+00  0.000E+00  0.160E+01  0.000E+00
   44.725  0.000E+00  0.203E+02  0.000E+00  0.000E+00  0.176E+01  0.000E+00
   44.775  0.000E+00  0.203E+02  0.000E+00  0.000E+00  0.184E+01  0.000E+00
   44.825  0.000E+00  0.188E+02  0.000E+00  0.000E+00  0.184E+01  0.000E+00
   44.875  0.000E+00  0.154E+02  0.000E+00  0.000E+00  0.213E+01  0.000E+00
   44.925  0.000E+00  0.136E+02  0.000E+00  0.000E+00  0.272E+01  0.000E+00
   44.975  0.000E+00  0.160E+02  0.000E+00  0.000E+00  0.301E+01  0.000E+00
   45.025  0.000E+00  0.199E+02  0.000E+00  0.000E+00  0.301E+01  0.000E+00
   45.075  0.000E+00  0.216E+02  0.000E+00  0.000E+00  0.301E+01  0.000E+00
   45.125  0.000E+00  0.216E+02  0.000E+00  0.000E+00  0.273E+01  0.000E+00
   45.175  0.000E+00  0.213E+02  0.000E+00  0.000E+00  0.216E+01  0.000E+00
   45.225  0.000E+00  0.207E+02  0.000E+00  0.000E+00  0.226E+01  0.000E+00
   45.275  0.000E+00  0.180E+02  0.000E+00  0.000E+00  0.304E+01  0.000E+00
   45.325  0.000E+00  0.130E+02  0.000E+00  0.000E+00  0.314E+01  0.000E+00
   45.375  0.000E+00  0.105E+02  0.000E+00  0.000E+00  0.200E+01  0.000E+00
   45.425  0.000E+00  0.102E+02  0.000E+00  0.000E+00  0.572E+00  0.000E+00
   45.475  0.000E+00  0.993E+01  0.000E+00  0.000E+00  0.000E+00  0.000E+00
   45.525  0.000E+00  0.106E+02  0.000E+00  0.000E+00  0.000E+00  0.000E+00
   45.575  0.000E+00  0.111E+02  0.000E+00  0.000E+00  0.395E+00  0.000E+00
   45.625  0.000E+00  0.111E+02  0.000E+00  0.000E+00  0.134E+01  0.000E+00
   45.675  0.000E+00  0.114E+02  0.000E+00  0.000E+00  0.194E+01  0.000E+00
   45.725  0.000E+00  0.119E+02  0.000E+00  0.000E+00  0.206E+01  0.000E+00
   45.775  0.000E+00  0.122E+02  0.000E+00  0.000E+00  0.227E+01  0.000E+00
   45.825  0.000E+00  0.122E+02  0.000E+00  0.000E+00  0.264E+01  0.000E+00
   45.875  0.000E+00  0.125E+02  0.000E+00  0.000E+00  0.306E+01  0.000E+00
   45.925  0.000E+00  0.131E+02  0.000E+00  0.000E+00  0.313E+01  0.000E+00
   45.975  0.000E+00  0.133E+02  0.000E+00  0.000E+00  0.244E+01  0.000E+00
   46.025  0.000E+00  0.129E+02  0.000E+00  0.000E+00  0.155E+01  0.000E+00
   46.075  0.000E+00  0.123E+02  0.000E+00  0.000E+00  0.889E+00  0.000E+00
   46.125  0.179E+00  0.119E+02  0.000E+00  0.000E+00  0.296E+00  0.000E+00
   46.175  0.247E+01  0.127E+02  0.000E+00  0.000E+00  0.000E+00  0.000E+00
   46.225  0.712E+01  0.146E+02  0.000E+00  0.000E+00  0.000E+00  0.000E+00
   46.275  0.957E+01  0.156E+02  0.000E+00  0.000E+00  0.000E+00  0.000E+00
   46.325  0.676E+01  0.146E+02  0.000E+00  0.000E+00  0.000E+00  0.000E+00
   46.375  0.202E+01  0.129E+02  0.000E+00  0.000E+00  0.000E+00  0.000E+00
   46.425  0.000E+00  0.123E+02  0.000E+00  0.000E+00  0.000E+00  0.000E+00
   46.475  0.000E+00  0.125E+02  0.000E+00  0.000E+00  0.000E+00  0.000E+00
   46.525  0.000E+00  0.127E+02  0.000E+00  0.000E+00  0.000E+00  0.000E+00
   46.575  0.000E+00  0.113E+02  0.000E+00  0.000E+00  0.000E+00  0.000E+00
   46.625  0.000E+00  0.858E+01  0.000E+00  0.000E+00  0.000E+00  0.000E+00
   46.675  0.000E+00  0.746E+01  0.000E+00  0.000E+00  0.000E+00  0.000E+00
   46.725  0.000E+00  0.814E+01  0.000E+00  0.000E+00  0.000E+00  0.000E+00
   46.775  0.000E+00  0.765E+01  0.000E+00  0.000E+00  0.000E+00  0.000E+00
   46.825  0.000E+00  0.562E+01  0.000E+00  0.000E+00  0.000E+00  0.000E+00
   46.875  0.000E+00  0.559E+01  0.000E+00  0.000E+00  0.281E+00  0.000E+00
   46.925  0.000E+00  0.995E+01  0.000E+00  0.000E+00  0.939E+00  0.000E+00
   46.975  0.000E+00  0.159E+02  0.000E+00  0.000E+00  0.132E+01  0.000E+00
   47.025  0.000E+00  0.184E+02  0.000E+00  0.000E+00  0.971E+00  0.000E+00
   47.075  0.000E+00  0.153E+02  0.000E+00  0.000E+00  0.321E+00  0.000E+00
   47.125  0.000E+00  0.921E+01  0.000E+00  0.000E+00  0.159E-01  0.000E+00
   47.175  0.000E+00  0.499E+01  0.000E+00  0.000E+00  0.000E+00  0.000E+00
   47.225  0.000E+00  0.520E+01  0.000E+00  0.000E+00  0.000E+00  0.000E+00
   47.275  0.000E+00  0.757E+01  0.000E+00  0.000E+00  0.000E+00  0.000E+00
   47.325  0.000E+00  0.120E+02  0.000E+00  0.000E+00  0.000E+00  0.000E+00
   47.375  0.000E+00  0.196E+02  0.000E+00  0.000E+00  0.000E+00  0.000E+00
   47.425  0.000E+00  0.242E+02  0.000E+00  0.000E+00  0.000E+00  0.000E+00
   47.475  0.000E+00  0.205E+02  0.000E+00  0.000E+00  0.000E+00  0.000E+00
   47.525  0.000E+00  0.130E+02  0.000E+00  0.000E+00  0.000E+00  0.000E+00
   47.575  0.000E+00  0.889E+01  0.000E+00  0.000E+00  0.000E+00  0.000E+00
   47.625  0.000E+00  0.822E+01  0.000E+00  0.000E+00  0.000E+00  0.000E+00
   47.675  0.000E+00  0.835E+01  0.000E+00  0.000E+00  0.000E+00  0.000E+00
   47.725  0.000E+00  0.851E+01  0.000E+00  0.000E+00  0.000E+00  0.000E+00
   47.775  0.000E+00  0.792E+01  0.000E+00  0.000E+00  0.000E+00  0.000E+00
   47.825  0.000E+00  0.654E+01  0.000E+00  0.000E+00  0.000E+00  0.000E+00
   47.875  0.000E+00  0.587E+01  0.000E+00  0.000E+00  0.000E+00  0.000E+00
   47.925  0.000E+00  0.713E+01  0.000E+00  0.000E+00  0.000E+00  0.000E+00
   47.975  0.000E+00  0.925E+01  0.000E+00  0.000E+00  0.000E+00  0.000E+00
   48.025  0.000E+00  0.105E+02  0.000E+00  0.000E+00  0.000E+00  0.000E+00
   48.075  0.000E+00  0.107E+02  0.000E+00  0.000E+00  0.000E+00  0.000E+00
   48.125  0.000E+00  0.106E+02  0.000E+00  0.000E+00  0.000E+00  0.000E+00
   48.175  0.000E+00  0.104E+02  0.000E+00  0.000E+00  0.000E+00  0.000E+00
   48.225  0.000E+00  0.806E+01  0.000E+00  0.000E+00  0.000E+00  0.000E+00
   48.275  0.000E+00  0.290E+01  0.000E+00  0.000E+00  0.000E+00  0.000E+00
   48.325  0.000E+00  0.101E+01  0.000E+00  0.000E+00  0.885E+00  0.000E+00
   48.375  0.000E+00  0.661E+01  0.000E+00  0.000E+00  0.296E+01  0.000E+00
   48.425  0.000E+00  0.157E+02  0.000E+00  0.000E+00  0.438E+01  0.000E+00
   48.475  0.000E+00  0.202E+02  0.000E+00  0.000E+00  0.403E+01  0.000E+00
   48.525  0.000E+00  0.161E+02  0.000E+00  0.000E+00  0.236E+01  0.000E+00
   48.575  0.000E+00  0.744E+01  0.000E+00  0.000E+00  0.668E+00  0.000E+00
   48.625  0.000E+00  0.250E+01  0.000E+00  0.000E+00  0.314E+00  0.000E+00
   48.675  0.000E+00  0.543E+01  0.000E+00  0.000E+00  0.717E+00  0.000E+00
   48.725  0.000E+00  0.119E+02  0.000E+00  0.000E+00  0.894E+00  0.000E+00
   48.775  0.000E+00  0.148E+02  0.000E+00  0.000E+00  0.671E+00  0.000E+00
   48.825  0.000E+00  0.157E+02  0.000E+00  0.000E+00  0.224E+00  0.000E+00
   48.875  0.000E+00  0.179E+02  0.000E+00  0.000E+00  0.000E+00  0.000E+00
   48.925  0.000E+00  0.181E+02  0.000E+00  0.000E+00  0.000E+00  0.000E+00
   48.975  0.000E+00  0.128E+02  0.000E+00  0.000E+00  0.000E+00  0.000E+00
   49.025  0.000E+00  0.557E+01  0.000E+00  0.000E+00  0.000E+00  0.000E+00
   49.075  0.000E+00  0.215E+01  0.000E+00  0.000E+00  0.000E+00  0.000E+00
   49.125  0.000E+00  0.233E+01  0.000E+00  0.000E+00  0.000E+00  0.000E+00
   49.175  0.000E+00  0.341E+01  0.000E+00  0.000E+00  0.203E-01  0.000E+00
   49.225  0.000E+00  0.395E+01  0.000E+00  0.000E+00  0.677E-01  0.000E+00
   49.275  0.000E+00  0.447E+01  0.000E+00  0.000E+00  0.947E-01  0.000E+00
   49.325  0.000E+00  0.567E+01  0.000E+00  0.000E+00  0.677E-01  0.000E+00
   49.375  0.000E+00  0.925E+01  0.000E+00  0.000E+00  0.203E-01  0.000E+00
   49.425  0.000E+00  0.160E+02  0.000E+00  0.000E+00  0.000E+00  0.000E+00
   49.475  0.000E+00  0.204E+02  0.000E+00  0.000E+00  0.000E+00  0.000E+00
   49.525  0.000E+00  0.182E+02  0.000E+00  0.000E+00  0.000E+00  0.000E+00
   49.575  0.000E+00  0.133E+02  0.000E+00  0.000E+00  0.000E+00  0.000E+00
   49.625  0.000E+00  0.112E+02  0.000E+00  0.000E+00  0.000E+00  0.000E+00
   49.675  0.000E+00  0.112E+02  0.000E+00  0.000E+00  0.000E+00  0.000E+00
   49.725  0.000E+00  0.103E+02  0.000E+00  0.000E+00  0.000E+00  0.000E+00
   49.775  0.000E+00  0.805E+01  0.000E+00  0.000E+00  0.825E+00  0.000E+00
   49.825  0.000E+00  0.614E+01  0.000E+00  0.000E+00  0.247E+01  0.000E+00
   49.875  0.000E+00  0.635E+01  0.000E+00  0.000E+00  0.330E+01  0.000E+00
   49.925  0.000E+00  0.824E+01  0.000E+00  0.000E+00  0.330E+01  0.000E+00
   49.975  0.000E+00  0.102E+02  0.000E+00  0.000E+00  0.330E+01  0.000E+00
