    0.025  0.106E+00  0.539E+01  0.000E+00  0.843E-01  0.472E+01  0.000E+00
    0.075  0.722E+00  0.103E+03  0.000E+00  0.104E+01  0.579E+02  0.000E+00
    0.125  0.164E+01  0.259E+03  0.000E+00  0.227E+01  0.130E+03  0.000E+00
    0.175  0.259E+01  0.397E+03  0.000E+00  0.478E+01  0.217E+03  0.000E+00
    0.225  0.449E+01  0.447E+03  0.000E+00  0.919E+01  0.311E+03  0.000E+00
    0.275  0.708E+01  0.448E+03  0.000E+00  0.164E+02  0.408E+03  0.000E+00
    0.325  0.981E+01  0.454E+03  0.000E+00  0.246E+02  0.514E+03  0.000E+00
    0.375  0.131E+02  0.483E+03  0.000E+00  0.309E+02  0.667E+03  0.000E+00
    0.425  0.151E+02  0.533E+03  0.000E+00  0.377E+02  0.893E+03  0.000E+00
    0.475  0.154E+02  0.593E+03  0.000E+00  0.445E+02  0.117E+04  0.000E+00
    0.525  0.154E+02  0.657E+03  0.000E+00  0.477E+02  0.149E+04  0.000E+00
    0.575  0.165E+02  0.730E+03  0.000E+00  0.511E+02  0.183E+04  0.000E+00
    0.625  0.200E+02  0.820E+03  0.000E+00  0.562E+02  0.221E+04  0.000E+00
    0.675  0.236E+02  0.914E+03  0.000E+00  0.590E+02  0.260E+04  0.000E+00
    0.725  0.249E+02  0.998E+03  0.000E+00  0.605E+02  0.303E+04  0.000E+00
    0.775  0.253E+02  0.108E+04  0.000E+00  0.636E+02  0.349E+04  0.000E+00
    0.825  0.276E+02  0.117E+04  0.000E+00  0.703E+02  0.394E+04  0.000E+00
    0.875  0.314E+02  0.124E+04  0.000E+00  0.795E+02  0.422E+04  0.000E+00
    0.925  0.334E+02  0.127E+04  0.000E+00  0.851E+02  0.434E+04  0.000E+00
    0.975  0.327E+02  0.127E+04  0.000E+00  0.863E+02  0.446E+04  0.000E+00
    1.025  0.301E+02  0.127E+04  0.000E+00  0.865E+02  0.465E+04  0.000E+00
    1.075  0.273E+02  0.127E+04  0.000E+00  0.878E+02  0.497E+04  0.000E+00
    1.125  0.269E+02  0.128E+04  0.000E+00  0.896E+02  0.543E+04  0.000E+00
    1.175  0.280E+02  0.130E+04  0.000E+00  0.905E+02  0.591E+04  0.000E+00
    1.225  0.286E+02  0.131E+04  0.000E+00  0.918E+02  0.645E+04  0.000E+00
    1.275  0.284E+02  0.130E+04  0.000E+00  0.955E+02  0.722E+04  0.000E+00
    1.325  0.280E+02  0.128E+04  0.000E+00  0.998E+02  0.826E+04  0.000E+00
    1.375  0.279E+02  0.127E+04  0.000E+00  0.104E+03  0.949E+04  0.000E+00
    1.425  0.277E+02  0.127E+04  0.000E+00  0.108E+03  0.108E+05  0.000E+00
    1.475  0.276E+02  0.127E+04  0.000E+00  0.112E+03  0.122E+05  0.000E+00
    1.525  0.281E+02  0.126E+04  0.000E+00  0.116E+03  0.144E+05  0.000E+00
    1.575  0.285E+02  0.124E+04  0.000E+00  0.127E+03  0.172E+05  0.000E+00
    1.625  0.273E+02  0.121E+04  0.000E+00  0.142E+03  0.206E+05  0.000E+00
    1.675  0.243E+02  0.117E+04  0.000E+00  0.152E+03  0.250E+05  0.000E+00
    1.725  0.226E+02  0.115E+04  0.000E+00  0.149E+03  0.303E+05  0.000E+00
    1.775  0.249E+02  0.115E+04  0.000E+00  0.137E+03  0.362E+05  0.000E+00
    1.825  0.294E+02  0.115E+04  0.000E+00  0.124E+03  0.422E+05  0.000E+00
    1.875  0.312E+02  0.115E+04  0.000E+00  0.118E+03  0.479E+05  0.000E+00
    1.925  0.279E+02  0.114E+04  0.000E+00  0.124E+03  0.525E+05  0.000E+00
    1.975  0.224E+02  0.113E+04  0.000E+00  0.134E+03  0.552E+05  0.000E+00
    2.025  0.194E+02  0.111E+04  0.000E+00  0.140E+03  0.558E+05  0.000E+00
    2.075  0.201E+02  0.110E+04  0.000E+00  0.146E+03  0.543E+05  0.000E+00
    2.125  0.219E+02  0.109E+04  0.000E+00  0.155E+03  0.510E+05  0.000E+00
    2.175  0.227E+02  0.108E+04  0.000E+00  0.164E+03  0.463E+05  0.000E+00
    2.225  0.227E+02  0.108E+04  0.000E+00  0.168E+03  0.412E+05  0.000E+00
    2.275  0.227E+02  0.108E+04  0.000E+00  0.165E+03  0.359E+05  0.000E+00
    2.325  0.243E+02  0.105E+04  0.000E+00  0.154E+03  0.304E+05  0.000E+00
    2.375  0.281E+02  0.102E+04  0.000E+00  0.139E+03  0.253E+05  0.000E+00
    2.425  0.304E+02  0.995E+03  0.000E+00  0.131E+03  0.208E+05  0.000E+00
    2.475  0.287E+02  0.978E+03  0.000E+00  0.128E+03  0.170E+05  0.000E+00
    2.525  0.242E+02  0.945E+03  0.000E+00  0.127E+03  0.140E+05  0.000E+00
    2.575  0.211E+02  0.921E+03  0.000E+00  0.126E+03  0.117E+05  0.000E+00
    2.625  0.217E+02  0.897E+03  0.000E+00  0.127E+03  0.988E+04  0.000E+00
    2.675  0.241E+02  0.865E+03  0.000E+00  0.129E+03  0.831E+04  0.000E+00
    2.725  0.247E+02  0.851E+03  0.000E+00  0.133E+03  0.708E+04  0.000E+00
    2.775  0.238E+02  0.851E+03  0.000E+00  0.135E+03  0.613E+04  0.000E+00
    2.825  0.235E+02  0.851E+03  0.000E+00  0.136E+03  0.530E+04  0.000E+00
    2.875  0.236E+02  0.844E+03  0.000E+00  0.136E+03  0.457E+04  0.000E+00
    2.925  0.236E+02  0.830E+03  0.000E+00  0.136E+03  0.395E+04  0.000E+00
    2.975  0.236E+02  0.821E+03  0.000E+00  0.134E+03  0.341E+04  0.000E+00
    3.025  0.225E+02  0.816E+03  0.000E+00  0.129E+03  0.300E+04  0.000E+00
    3.075  0.203E+02  0.796E+03  0.000E+00  0.123E+03  0.268E+04  0.000E+00
    3.125  0.190E+02  0.754E+03  0.000E+00  0.120E+03  0.238E+04  0.000E+00
    3.175  0.200E+02  0.719E+03  0.000E+00  0.120E+03  0.213E+04  0.000E+00
    3.225  0.219E+02  0.708E+03  0.000E+00  0.120E+03  0.194E+04  0.000E+00
    3.275  0.229E+02  0.689E+03  0.000E+00  0.119E+03  0.178E+04  0.000E+00
    3.325  0.232E+02  0.660E+03  0.000E+00  0.113E+03  0.162E+04  0.000E+00
    3.375  0.232E+02  0.640E+03  0.000E+00  0.102E+03  0.146E+04  0.000E+00
    3.425  0.228E+02  0.628E+03  0.000E+00  0.909E+02  0.134E+04  0.000E+00
    3.475  0.221E+02  0.625E+03  0.000E+00  0.865E+02  0.129E+04  0.000E+00
    3.525  0.206E+02  0.634E+03  0.000E+00  0.862E+02  0.126E+04  0.000E+00
    3.575  0.191E+02  0.641E+03  0.000E+00  0.851E+02  0.120E+04  0.000E+00
    3.625  0.185E+02  0.616E+03  0.000E+00  0.833E+02  0.116E+04  0.000E+00
    3.675  0.190E+02  0.564E+03  0.000E+00  0.817E+02  0.114E+04  0.000E+00
    3.725  0.200E+02  0.539E+03  0.000E+00  0.800E+02  0.108E+04  0.000E+00
    3.775  0.213E+02  0.536E+03  0.000E+00  0.794E+02  0.104E+04  0.000E+00
    3.825  0.232E+02  0.522E+03  0.000E+00  0.799E+02  0.101E+04  0.000E+00
    3.875  0.235E+02  0.506E+03  0.000E+00  0.779E+02  0.974E+03  0.000E+00
    3.925  0.221E+02  0.496E+03  0.000E+00  0.735E+02  0.960E+03  0.000E+00
    3.975  0.211E+02  0.490E+03  0.000E+00  0.721E+02  0.934E+03  0.000E+00
    4.025  0.203E+02  0.495E+03  0.000E+00  0.737E+02  0.876E+03  0.000E+00
    4.075  0.195E+02  0.512E+03  0.000E+00  0.745E+02  0.836E+03  0.000E+00
    4.125  0.176E+02  0.515E+03  0.000E+00  0.745E+02  0.826E+03  0.000E+00
    4.175  0.141E+02  0.485E+03  0.000E+00  0.745E+02  0.815E+03  0.000E+00
    4.225  0.127E+02  0.444E+03  0.000E+00  0.727E+02  0.795E+03  0.000E+00
    4.275  0.159E+02  0.427E+03  0.000E+00  0.690E+02  0.779E+03  0.000E+00
    4.325  0.211E+02  0.426E+03  0.000E+00  0.672E+02  0.760E+03  0.000E+00
    4.375  0.243E+02  0.418E+03  0.000E+00  0.672E+02  0.729E+03  0.000E+00
    4.425  0.228E+02  0.403E+03  0.000E+00  0.693E+02  0.711E+03  0.000E+00
    4.475  0.193E+02  0.396E+03  0.000E+00  0.739E+02  0.698E+03  0.000E+00
    4.525  0.181E+02  0.396E+03  0.000E+00  0.758E+02  0.677E+03  0.000E+00
    4.575  0.183E+02  0.396E+03  0.000E+00  0.713E+02  0.665E+03  0.000E+00
    4.625  0.177E+02  0.390E+03  0.000E+00  0.645E+02  0.659E+03  0.000E+00
    4.675  0.154E+02  0.377E+03  0.000E+00  0.609E+02  0.650E+03  0.000E+00
    4.725  0.130E+02  0.371E+03  0.000E+00  0.599E+02  0.642E+03  0.000E+00
    4.775  0.123E+02  0.368E+03  0.000E+00  0.595E+02  0.631E+03  0.000E+00
    4.825  0.127E+02  0.363E+03  0.000E+00  0.596E+02  0.616E+03  0.000E+00
    4.875  0.128E+02  0.360E+03  0.000E+00  0.595E+02  0.607E+03  0.000E+00
    4.925  0.132E+02  0.358E+03  0.000E+00  0.595E+02  0.605E+03  0.000E+00
    4.975  0.138E+02  0.345E+03  0.000E+00  0.587E+02  0.601E+03  0.000E+00
    5.025  0.143E+02  0.325E+03  0.000E+00  0.572E+02  0.589E+03  0.000E+00
    5.075  0.146E+02  0.316E+03  0.000E+00  0.564E+02  0.568E+03  0.000E+00
    5.125  0.152E+02  0.316E+03  0.000E+00  0.564E+02  0.544E+03  0.000E+00
    5.175  0.156E+02  0.314E+03  0.000E+00  0.562E+02  0.531E+03  0.000E+00
    5.225  0.167E+02  0.303E+03  0.000E+00  0.562E+02  0.535E+03  0.000E+00
    5.275  0.190E+02  0.282E+03  0.000E+00  0.562E+02  0.545E+03  0.000E+00
    5.325  0.203E+02  0.263E+03  0.000E+00  0.562E+02  0.548E+03  0.000E+00
    5.375  0.191E+02  0.254E+03  0.000E+00  0.547E+02  0.556E+03  0.000E+00
    5.425  0.162E+02  0.256E+03  0.000E+00  0.510E+02  0.572E+03  0.000E+00
    5.475  0.141E+02  0.265E+03  0.000E+00  0.481E+02  0.580E+03  0.000E+00
    5.525  0.136E+02  0.271E+03  0.000E+00  0.475E+02  0.580E+03  0.000E+00
    5.575  0.136E+02  0.271E+03  0.000E+00  0.492E+02  0.583E+03  0.000E+00
    5.625  0.135E+02  0.271E+03  0.000E+00  0.520E+02  0.589E+03  0.000E+00
    5.675  0.133E+02  0.266E+03  0.000E+00  0.534E+02  0.592E+03  0.000E+00
    5.725  0.142E+02  0.252E+03  0.000E+00  0.521E+02  0.587E+03  0.000E+00
    5.775  0.168E+02  0.234E+03  0.000E+00  0.498E+02  0.578E+03  0.000E+00
    5.825  0.186E+02  0.224E+03  0.000E+00  0.490E+02  0.573E+03  0.000E+00
    5.875  0.181E+02  0.228E+03  0.000E+00  0.493E+02  0.569E+03  0.000E+00
    5.925  0.165E+02  0.238E+03  0.000E+00  0.496E+02  0.561E+03  0.000E+00
    5.975  0.157E+02  0.243E+03  0.000E+00  0.501E+02  0.543E+03  0.000E+00
    6.025  0.155E+02  0.243E+03  0.000E+00  0.510E+02  0.523E+03  0.000E+00
    6.075  0.154E+02  0.241E+03  0.000E+00  0.528E+02  0.516E+03  0.000E+00
    6.125  0.154E+02  0.237E+03  0.000E+00  0.562E+02  0.514E+03  0.000E+00
    6.175  0.154E+02  0.232E+03  0.000E+00  0.583E+02  0.507E+03  0.000E+00
    6.225  0.152E+02  0.239E+03  0.000E+00  0.568E+02  0.500E+03  0.000E+00
    6.275  0.149E+02  0.260E+03  0.000E+00  0.539E+02  0.497E+03  0.000E+00
    6.325  0.148E+02  0.270E+03  0.000E+00  0.527E+02  0.493E+03  0.000E+00
    6.375  0.156E+02  0.254E+03  0.000E+00  0.527E+02  0.487E+03  0.000E+00
    6.425  0.166E+02  0.227E+03  0.000E+00  0.527E+02  0.486E+03  0.000E+00
    6.475  0.168E+02  0.209E+03  0.000E+00  0.523E+02  0.495E+03  0.000E+00
    6.525  0.166E+02  0.199E+03  0.000E+00  0.516E+02  0.510E+03  0.000E+00
    6.575  0.165E+02  0.193E+03  0.000E+00  0.519E+02  0.525E+03  0.000E+00
    6.625  0.171E+02  0.189E+03  0.000E+00  0.531E+02  0.530E+03  0.000E+00
    6.675  0.184E+02  0.181E+03  0.000E+00  0.537E+02  0.523E+03  0.000E+00
    6.725  0.191E+02  0.184E+03  0.000E+00  0.537E+02  0.507E+03  0.000E+00
    6.775  0.191E+02  0.197E+03  0.000E+00  0.537E+02  0.489E+03  0.000E+00
    6.825  0.191E+02  0.199E+03  0.000E+00  0.558E+02  0.481E+03  0.000E+00
    6.875  0.175E+02  0.192E+03  0.000E+00  0.611E+02  0.480E+03  0.000E+00
    6.925  0.144E+02  0.188E+03  0.000E+00  0.651E+02  0.477E+03  0.000E+00
    6.975  0.122E+02  0.188E+03  0.000E+00  0.646E+02  0.472E+03  0.000E+00
    7.025  0.111E+02  0.188E+03  0.000E+00  0.598E+02  0.469E+03  0.000E+00
    7.075  0.104E+02  0.192E+03  0.000E+00  0.543E+02  0.469E+03  0.000E+00
    7.125  0.102E+02  0.203E+03  0.000E+00  0.520E+02  0.469E+03  0.000E+00
    7.175  0.980E+01  0.209E+03  0.000E+00  0.514E+02  0.469E+03  0.000E+00
    7.225  0.927E+01  0.205E+03  0.000E+00  0.511E+02  0.465E+03  0.000E+00
    7.275  0.916E+01  0.195E+03  0.000E+00  0.509E+02  0.456E+03  0.000E+00
    7.325  0.990E+01  0.184E+03  0.000E+00  0.506E+02  0.452E+03  0.000E+00
    7.375  0.109E+02  0.172E+03  0.000E+00  0.504E+02  0.453E+03  0.000E+00
    7.425  0.121E+02  0.166E+03  0.000E+00  0.491E+02  0.454E+03  0.000E+00
    7.475  0.138E+02  0.167E+03  0.000E+00  0.460E+02  0.455E+03  0.000E+00
    7.525  0.149E+02  0.167E+03  0.000E+00  0.438E+02  0.460E+03  0.000E+00
    7.575  0.154E+02  0.169E+03  0.000E+00  0.434E+02  0.473E+03  0.000E+00
    7.625  0.156E+02  0.169E+03  0.000E+00  0.424E+02  0.483E+03  0.000E+00
    7.675  0.156E+02  0.169E+03  0.000E+00  0.403E+02  0.480E+03  0.000E+00
    7.725  0.142E+02  0.168E+03  0.000E+00  0.393E+02  0.468E+03  0.000E+00
    7.775  0.115E+02  0.168E+03  0.000E+00  0.393E+02  0.452E+03  0.000E+00
    7.825  0.101E+02  0.158E+03  0.000E+00  0.393E+02  0.435E+03  0.000E+00
    7.875  0.101E+02  0.135E+03  0.000E+00  0.402E+02  0.431E+03  0.000E+00
    7.925  0.103E+02  0.122E+03  0.000E+00  0.428E+02  0.450E+03  0.000E+00
    7.975  0.107E+02  0.134E+03  0.000E+00  0.453E+02  0.479E+03  0.000E+00
    8.025  0.105E+02  0.155E+03  0.000E+00  0.454E+02  0.496E+03  0.000E+00
    8.075  0.989E+01  0.164E+03  0.000E+00  0.422E+02  0.493E+03  0.000E+00
    8.125  0.976E+01  0.171E+03  0.000E+00  0.374E+02  0.471E+03  0.000E+00
    8.175  0.107E+02  0.187E+03  0.000E+00  0.350E+02  0.452E+03  0.000E+00
    8.225  0.120E+02  0.198E+03  0.000E+00  0.372E+02  0.454E+03  0.000E+00
    8.275  0.126E+02  0.191E+03  0.000E+00  0.418E+02  0.469E+03  0.000E+00
    8.325  0.124E+02  0.163E+03  0.000E+00  0.449E+02  0.474E+03  0.000E+00
    8.375  0.120E+02  0.127E+03  0.000E+00  0.455E+02  0.468E+03  0.000E+00
    8.425  0.115E+02  0.106E+03  0.000E+00  0.444E+02  0.465E+03  0.000E+00
    8.475  0.109E+02  0.103E+03  0.000E+00  0.415E+02  0.462E+03  0.000E+00
    8.525  0.106E+02  0.112E+03  0.000E+00  0.379E+02  0.459E+03  0.000E+00
    8.575  0.106E+02  0.125E+03  0.000E+00  0.352E+02  0.460E+03  0.000E+00
    8.625  0.118E+02  0.133E+03  0.000E+00  0.336E+02  0.462E+03  0.000E+00
    8.675  0.141E+02  0.130E+03  0.000E+00  0.335E+02  0.462E+03  0.000E+00
    8.725  0.153E+02  0.121E+03  0.000E+00  0.352E+02  0.461E+03  0.000E+00
    8.775  0.153E+02  0.112E+03  0.000E+00  0.373E+02  0.461E+03  0.000E+00
    8.825  0.145E+02  0.108E+03  0.000E+00  0.381E+02  0.462E+03  0.000E+00
    8.875  0.124E+02  0.112E+03  0.000E+00  0.381E+02  0.468E+03  0.000E+00
    8.925  0.105E+02  0.120E+03  0.000E+00  0.381E+02  0.473E+03  0.000E+00
    8.975  0.106E+02  0.127E+03  0.000E+00  0.380E+02  0.475E+03  0.000E+00
    9.025  0.118E+02  0.138E+03  0.000E+00  0.380E+02  0.475E+03  0.000E+00
    9.075  0.119E+02  0.160E+03  0.000E+00  0.380E+02  0.473E+03  0.000E+00
    9.125  0.113E+02  0.170E+03  0.000E+00  0.372E+02  0.467E+03  0.000E+00
    9.175  0.111E+02  0.153E+03  0.000E+00  0.356E+02  0.463E+03  0.000E+00
    9.225  0.103E+02  0.126E+03  0.000E+00  0.348E+02  0.462E+03  0.000E+00
    9.275  0.807E+01  0.116E+03  0.000E+00  0.348E+02  0.466E+03  0.000E+00
    9.325  0.545E+01  0.116E+03  0.000E+00  0.348E+02  0.472E+03  0.000E+00
    9.375  0.458E+01  0.116E+03  0.000E+00  0.346E+02  0.475E+03  0.000E+00
    9.425  0.626E+01  0.116E+03  0.000E+00  0.342E+02  0.474E+03  0.000E+00
    9.475  0.879E+01  0.111E+03  0.000E+00  0.340E+02  0.471E+03  0.000E+00
    9.525  0.985E+01  0.103E+03  0.000E+00  0.351E+02  0.468E+03  0.000E+00
    9.575  0.985E+01  0.959E+02  0.000E+00  0.371E+02  0.463E+03  0.000E+00
    9.625  0.975E+01  0.964E+02  0.000E+00  0.376E+02  0.456E+03  0.000E+00
    9.675  0.955E+01  0.107E+03  0.000E+00  0.351E+02  0.451E+03  0.000E+00
    9.725  0.946E+01  0.121E+03  0.000E+00  0.314E+02  0.442E+03  0.000E+00
    9.775  0.899E+01  0.126E+03  0.000E+00  0.287E+02  0.428E+03  0.000E+00
    9.825  0.878E+01  0.126E+03  0.000E+00  0.273E+02  0.421E+03  0.000E+00
    9.875  0.995E+01  0.125E+03  0.000E+00  0.270E+02  0.430E+03  0.000E+00
    9.925  0.107E+02  0.125E+03  0.000E+00  0.276E+02  0.443E+03  0.000E+00
    9.975  0.863E+01  0.126E+03  0.000E+00  0.287E+02  0.451E+03  0.000E+00
   10.025  0.458E+01  0.124E+03  0.000E+00  0.294E+02  0.455E+03  0.000E+00
   10.075  0.210E+01  0.124E+03  0.000E+00  0.299E+02  0.458E+03  0.000E+00
   10.125  0.326E+01  0.128E+03  0.000E+00  0.309E+02  0.453E+03  0.000E+00
   10.175  0.567E+01  0.124E+03  0.000E+00  0.326E+02  0.444E+03  0.000E+00
   10.225  0.640E+01  0.119E+03  0.000E+00  0.335E+02  0.438E+03  0.000E+00
   10.275  0.592E+01  0.119E+03  0.000E+00  0.341E+02  0.440E+03  0.000E+00
   10.325  0.569E+01  0.119E+03  0.000E+00  0.354E+02  0.444E+03  0.000E+00
   10.375  0.574E+01  0.115E+03  0.000E+00  0.357E+02  0.446E+03  0.000E+00
   10.425  0.584E+01  0.105E+03  0.000E+00  0.320E+02  0.446E+03  0.000E+00
   10.475  0.649E+01  0.100E+03  0.000E+00  0.261E+02  0.446E+03  0.000E+00
   10.525  0.795E+01  0.106E+03  0.000E+00  0.235E+02  0.444E+03  0.000E+00
   10.575  0.877E+01  0.115E+03  0.000E+00  0.235E+02  0.441E+03  0.000E+00
   10.625  0.758E+01  0.118E+03  0.000E+00  0.235E+02  0.440E+03  0.000E+00
   10.675  0.524E+01  0.118E+03  0.000E+00  0.229E+02  0.440E+03  0.000E+00
   10.725  0.417E+01  0.114E+03  0.000E+00  0.237E+02  0.445E+03  0.000E+00
   10.775  0.569E+01  0.105E+03  0.000E+00  0.253E+02  0.459E+03  0.000E+00
   10.825  0.809E+01  0.100E+03  0.000E+00  0.255E+02  0.469E+03  0.000E+00
   10.875  0.968E+01  0.100E+03  0.000E+00  0.254E+02  0.476E+03  0.000E+00
   10.925  0.109E+02  0.100E+03  0.000E+00  0.253E+02  0.488E+03  0.000E+00
   10.975  0.111E+02  0.990E+02  0.000E+00  0.254E+02  0.499E+03  0.000E+00
   11.025  0.888E+01  0.969E+02  0.000E+00  0.240E+02  0.501E+03  0.000E+00
   11.075  0.555E+01  0.958E+02  0.000E+00  0.225E+02  0.491E+03  0.000E+00
   11.125  0.392E+01  0.958E+02  0.000E+00  0.223E+02  0.477E+03  0.000E+00
   11.175  0.547E+01  0.958E+02  0.000E+00  0.222E+02  0.469E+03  0.000E+00
   11.225  0.823E+01  0.940E+02  0.000E+00  0.223E+02  0.464E+03  0.000E+00
   11.275  0.941E+01  0.906E+02  0.000E+00  0.223E+02  0.462E+03  0.000E+00
   11.325  0.941E+01  0.885E+02  0.000E+00  0.223E+02  0.469E+03  0.000E+00
   11.375  0.859E+01  0.857E+02  0.000E+00  0.223E+02  0.482E+03  0.000E+00
   11.425  0.607E+01  0.812E+02  0.000E+00  0.228E+02  0.487E+03  0.000E+00
   11.475  0.361E+01  0.793E+02  0.000E+00  0.239E+02  0.481E+03  0.000E+00
   11.525  0.331E+01  0.793E+02  0.000E+00  0.230E+02  0.468E+03  0.000E+00
   11.575  0.429E+01  0.833E+02  0.000E+00  0.200E+02  0.460E+03  0.000E+00
   11.625  0.494E+01  0.999E+02  0.000E+00  0.185E+02  0.464E+03  0.000E+00
   11.675  0.445E+01  0.120E+03  0.000E+00  0.185E+02  0.474E+03  0.000E+00
   11.725  0.310E+01  0.128E+03  0.000E+00  0.185E+02  0.479E+03  0.000E+00
   11.775  0.257E+01  0.132E+03  0.000E+00  0.185E+02  0.480E+03  0.000E+00
   11.825  0.390E+01  0.131E+03  0.000E+00  0.185E+02  0.481E+03  0.000E+00
   11.875  0.584E+01  0.118E+03  0.000E+00  0.185E+02  0.481E+03  0.000E+00
   11.925  0.691E+01  0.103E+03  0.000E+00  0.184E+02  0.481E+03  0.000E+00
   11.975  0.758E+01  0.972E+02  0.000E+00  0.183E+02  0.483E+03  0.000E+00
   12.025  0.787E+01  0.976E+02  0.000E+00  0.183E+02  0.483E+03  0.000E+00
   12.075  0.702E+01  0.976E+02  0.000E+00  0.185E+02  0.484E+03  0.000E+00
   12.125  0.555E+01  0.937E+02  0.000E+00  0.185E+02  0.490E+03  0.000E+00
   12.175  0.463E+01  0.858E+02  0.000E+00  0.185E+02  0.497E+03  0.000E+00
   12.225  0.478E+01  0.819E+02  0.000E+00  0.184E+02  0.498E+03  0.000E+00
   12.275  0.601E+01  0.819E+02  0.000E+00  0.182E+02  0.485E+03  0.000E+00
   12.325  0.775E+01  0.827E+02  0.000E+00  0.179E+02  0.461E+03  0.000E+00
   12.375  0.877E+01  0.873E+02  0.000E+00  0.171E+02  0.449E+03  0.000E+00
   12.425  0.846E+01  0.950E+02  0.000E+00  0.158E+02  0.460E+03  0.000E+00
   12.475  0.724E+01  0.984E+02  0.000E+00  0.147E+02  0.482E+03  0.000E+00
   12.525  0.613E+01  0.931E+02  0.000E+00  0.139E+02  0.492E+03  0.000E+00
   12.575  0.570E+01  0.847E+02  0.000E+00  0.135E+02  0.483E+03  0.000E+00
   12.625  0.559E+01  0.795E+02  0.000E+00  0.135E+02  0.464E+03  0.000E+00
   12.675  0.534E+01  0.754E+02  0.000E+00  0.141E+02  0.452E+03  0.000E+00
   12.725  0.496E+01  0.723E+02  0.000E+00  0.156E+02  0.453E+03  0.000E+00
   12.775  0.477E+01  0.716E+02  0.000E+00  0.159E+02  0.466E+03  0.000E+00
   12.825  0.461E+01  0.716E+02  0.000E+00  0.138E+02  0.477E+03  0.000E+00
   12.875  0.426E+01  0.716E+02  0.000E+00  0.112E+02  0.482E+03  0.000E+00
   12.925  0.408E+01  0.739E+02  0.000E+00  0.101E+02  0.484E+03  0.000E+00
   12.975  0.414E+01  0.785E+02  0.000E+00  0.101E+02  0.482E+03  0.000E+00
   13.025  0.417E+01  0.808E+02  0.000E+00  0.101E+02  0.478E+03  0.000E+00
   13.075  0.373E+01  0.847E+02  0.000E+00  0.105E+02  0.474E+03  0.000E+00
   13.125  0.293E+01  0.926E+02  0.000E+00  0.114E+02  0.470E+03  0.000E+00
   13.175  0.255E+01  0.958E+02  0.000E+00  0.125E+02  0.468E+03  0.000E+00
   13.225  0.255E+01  0.944E+02  0.000E+00  0.141E+02  0.468E+03  0.000E+00
   13.275  0.255E+01  0.936E+02  0.000E+00  0.152E+02  0.468E+03  0.000E+00
   13.325  0.269E+01  0.936E+02  0.000E+00  0.145E+02  0.467E+03  0.000E+00
   13.375  0.292E+01  0.936E+02  0.000E+00  0.130E+02  0.464E+03  0.000E+00
   13.425  0.304E+01  0.940E+02  0.000E+00  0.119E+02  0.470E+03  0.000E+00
   13.475  0.424E+01  0.941E+02  0.000E+00  0.111E+02  0.485E+03  0.000E+00
   13.525  0.697E+01  0.909E+02  0.000E+00  0.107E+02  0.482E+03  0.000E+00
   13.575  0.912E+01  0.827E+02  0.000E+00  0.106E+02  0.464E+03  0.000E+00
   13.625  0.941E+01  0.736E+02  0.000E+00  0.105E+02  0.455E+03  0.000E+00
   13.675  0.801E+01  0.662E+02  0.000E+00  0.105E+02  0.455E+03  0.000E+00
   13.725  0.613E+01  0.580E+02  0.000E+00  0.105E+02  0.450E+03  0.000E+00
   13.775  0.505E+01  0.531E+02  0.000E+00  0.105E+02  0.432E+03  0.000E+00
   13.825  0.441E+01  0.555E+02  0.000E+00  0.105E+02  0.410E+03  0.000E+00
   13.875  0.362E+01  0.612E+02  0.000E+00  0.109E+02  0.402E+03  0.000E+00
   13.925  0.253E+01  0.707E+02  0.000E+00  0.117E+02  0.405E+03  0.000E+00
   13.975  0.190E+01  0.838E+02  0.000E+00  0.120E+02  0.403E+03  0.000E+00
   14.025  0.252E+01  0.895E+02  0.000E+00  0.120E+02  0.396E+03  0.000E+00
   14.075  0.360E+01  0.883E+02  0.000E+00  0.111E+02  0.391E+03  0.000E+00
   14.125  0.409E+01  0.835E+02  0.000E+00  0.874E+01  0.403E+03  0.000E+00
   14.175  0.414E+01  0.753E+02  0.000E+00  0.700E+01  0.430E+03  0.000E+00
   14.225  0.409E+01  0.711E+02  0.000E+00  0.600E+01  0.442E+03  0.000E+00
   14.275  0.393E+01  0.705E+02  0.000E+00  0.475E+01  0.418E+03  0.000E+00
   14.325  0.353E+01  0.693E+02  0.000E+00  0.468E+01  0.380E+03  0.000E+00
   14.375  0.290E+01  0.686E+02  0.000E+00  0.579E+01  0.358E+03  0.000E+00
   14.425  0.259E+01  0.686E+02  0.000E+00  0.700E+01  0.350E+03  0.000E+00
   14.475  0.259E+01  0.685E+02  0.000E+00  0.834E+01  0.347E+03  0.000E+00
   14.525  0.259E+01  0.683E+02  0.000E+00  0.956E+01  0.347E+03  0.000E+00
   14.575  0.259E+01  0.683E+02  0.000E+00  0.108E+02  0.347E+03  0.000E+00
   14.625  0.259E+01  0.683E+02  0.000E+00  0.117E+02  0.339E+03  0.000E+00
   14.675  0.262E+01  0.754E+02  0.000E+00  0.116E+02  0.325E+03  0.000E+00
   14.725  0.270E+01  0.924E+02  0.000E+00  0.104E+02  0.318E+03  0.000E+00
   14.775  0.273E+01  0.104E+03  0.000E+00  0.883E+01  0.318E+03  0.000E+00
   14.825  0.273E+01  0.987E+02  0.000E+00  0.742E+01  0.312E+03  0.000E+00
   14.875  0.273E+01  0.804E+02  0.000E+00  0.621E+01  0.300E+03  0.000E+00
   14.925  0.273E+01  0.630E+02  0.000E+00  0.569E+01  0.294E+03  0.000E+00
   14.975  0.274E+01  0.571E+02  0.000E+00  0.569E+01  0.294E+03  0.000E+00
   15.025  0.284E+01  0.559E+02  0.000E+00  0.564E+01  0.292E+03  0.000E+00
   15.075  0.301E+01  0.500E+02  0.000E+00  0.557E+01  0.279E+03  0.000E+00
   15.125  0.313E+01  0.405E+02  0.000E+00  0.559E+01  0.259E+03  0.000E+00
   15.175  0.320E+01  0.351E+02  0.000E+00  0.596E+01  0.245E+03  0.000E+00
   15.225  0.329E+01  0.384E+02  0.000E+00  0.660E+01  0.237E+03  0.000E+00
   15.275  0.334E+01  0.453E+02  0.000E+00  0.687E+01  0.236E+03  0.000E+00
   15.325  0.342E+01  0.483E+02  0.000E+00  0.659E+01  0.238E+03  0.000E+00
   15.375  0.359E+01  0.483E+02  0.000E+00  0.620E+01  0.234E+03  0.000E+00
   15.425  0.389E+01  0.475E+02  0.000E+00  0.645E+01  0.227E+03  0.000E+00
   15.475  0.435E+01  0.486E+02  0.000E+00  0.736E+01  0.222E+03  0.000E+00
   15.525  0.439E+01  0.548E+02  0.000E+00  0.783E+01  0.221E+03  0.000E+00
   15.575  0.357E+01  0.603E+02  0.000E+00  0.715E+01  0.215E+03  0.000E+00
   15.625  0.242E+01  0.602E+02  0.000E+00  0.592E+01  0.207E+03  0.000E+00
   15.675  0.179E+01  0.559E+02  0.000E+00  0.533E+01  0.202E+03  0.000E+00
   15.725  0.153E+01  0.513E+02  0.000E+00  0.527E+01  0.202E+03  0.000E+00
   15.775  0.990E+00  0.484E+02  0.000E+00  0.500E+01  0.202E+03  0.000E+00
   15.825  0.310E+00  0.474E+02  0.000E+00  0.453E+01  0.200E+03  0.000E+00
   15.875  0.508E-01  0.476E+02  0.000E+00  0.430E+01  0.201E+03  0.000E+00
   15.925  0.366E+00  0.478E+02  0.000E+00  0.436E+01  0.206E+03  0.000E+00
   15.975  0.917E+00  0.510E+02  0.000E+00  0.449E+01  0.204E+03  0.000E+00
   16.025  0.133E+01  0.574E+02  0.000E+00  0.427E+01  0.189E+03  0.000E+00
   16.075  0.151E+01  0.606E+02  0.000E+00  0.356E+01  0.176E+03  0.000E+00
   16.125  0.152E+01  0.606E+02  0.000E+00  0.302E+01  0.175E+03  0.000E+00
   16.175  0.145E+01  0.600E+02  0.000E+00  0.304E+01  0.177E+03  0.000E+00
   16.225  0.142E+01  0.612E+02  0.000E+00  0.340E+01  0.177E+03  0.000E+00
   16.275  0.146E+01  0.653E+02  0.000E+00  0.381E+01  0.176E+03  0.000E+00
   16.325  0.202E+01  0.700E+02  0.000E+00  0.400E+01  0.173E+03  0.000E+00
   16.375  0.304E+01  0.751E+02  0.000E+00  0.385E+01  0.171E+03  0.000E+00
   16.425  0.353E+01  0.775E+02  0.000E+00  0.354E+01  0.167E+03  0.000E+00
   16.475  0.353E+01  0.732E+02  0.000E+00  0.340E+01  0.160E+03  0.000E+00
   16.525  0.293E+01  0.665E+02  0.000E+00  0.304E+01  0.155E+03  0.000E+00
   16.575  0.155E+01  0.644E+02  0.000E+00  0.232E+01  0.154E+03  0.000E+00
   16.625  0.835E+00  0.657E+02  0.000E+00  0.198E+01  0.154E+03  0.000E+00
   16.675  0.183E+01  0.608E+02  0.000E+00  0.204E+01  0.157E+03  0.000E+00
   16.725  0.367E+01  0.497E+02  0.000E+00  0.206E+01  0.164E+03  0.000E+00
   16.775  0.463E+01  0.491E+02  0.000E+00  0.251E+01  0.167E+03  0.000E+00
   16.825  0.383E+01  0.591E+02  0.000E+00  0.361E+01  0.164E+03  0.000E+00
   16.875  0.235E+01  0.584E+02  0.000E+00  0.444E+01  0.156E+03  0.000E+00
   16.925  0.171E+01  0.470E+02  0.000E+00  0.432E+01  0.151E+03  0.000E+00
   16.975  0.171E+01  0.412E+02  0.000E+00  0.376E+01  0.150E+03  0.000E+00
   17.025  0.171E+01  0.412E+02  0.000E+00  0.349E+01  0.150E+03  0.000E+00
   17.075  0.151E+01  0.407E+02  0.000E+00  0.349E+01  0.150E+03  0.000E+00
   17.125  0.110E+01  0.412E+02  0.000E+00  0.320E+01  0.150E+03  0.000E+00
   17.175  0.894E+00  0.445E+02  0.000E+00  0.255E+01  0.150E+03  0.000E+00
   17.225  0.894E+00  0.474E+02  0.000E+00  0.213E+01  0.149E+03  0.000E+00
   17.275  0.894E+00  0.470E+02  0.000E+00  0.207E+01  0.149E+03  0.000E+00
   17.325  0.894E+00  0.452E+02  0.000E+00  0.204E+01  0.144E+03  0.000E+00
   17.375  0.894E+00  0.442E+02  0.000E+00  0.198E+01  0.136E+03  0.000E+00
   17.425  0.103E+01  0.442E+02  0.000E+00  0.195E+01  0.131E+03  0.000E+00
   17.475  0.130E+01  0.423E+02  0.000E+00  0.195E+01  0.130E+03  0.000E+00
   17.525  0.144E+01  0.386E+02  0.000E+00  0.195E+01  0.129E+03  0.000E+00
   17.575  0.144E+01  0.368E+02  0.000E+00  0.175E+01  0.129E+03  0.000E+00
   17.625  0.167E+01  0.356E+02  0.000E+00  0.135E+01  0.129E+03  0.000E+00
   17.675  0.219E+01  0.333E+02  0.000E+00  0.907E+00  0.129E+03  0.000E+00
   17.725  0.239E+01  0.320E+02  0.000E+00  0.352E+00  0.128E+03  0.000E+00
   17.775  0.185E+01  0.314E+02  0.000E+00  0.277E-01  0.128E+03  0.000E+00
   17.825  0.982E+00  0.306E+02  0.000E+00  0.328E+00  0.129E+03  0.000E+00
   17.875  0.366E+00  0.297E+02  0.000E+00  0.866E+00  0.132E+03  0.000E+00
   17.925  0.801E-01  0.293E+02  0.000E+00  0.110E+01  0.134E+03  0.000E+00
   17.975  0.617E-01  0.293E+02  0.000E+00  0.110E+01  0.135E+03  0.000E+00
   18.025  0.298E+00  0.307E+02  0.000E+00  0.110E+01  0.134E+03  0.000E+00
   18.075  0.541E+00  0.335E+02  0.000E+00  0.110E+01  0.130E+03  0.000E+00
   18.125  0.670E+00  0.349E+02  0.000E+00  0.625E+00  0.124E+03  0.000E+00
   18.175  0.770E+00  0.349E+02  0.000E+00 -0.320E+00  0.120E+03  0.000E+00
   18.225  0.822E+00  0.351E+02  0.000E+00 -0.605E+00  0.120E+03  0.000E+00
   18.275  0.852E+00  0.357E+02  0.000E+00 -0.232E+00  0.121E+03  0.000E+00
   18.325  0.911E+00  0.359E+02  0.000E+00  0.332E-01  0.121E+03  0.000E+00
   18.375  0.998E+00  0.335E+02  0.000E+00  0.727E+00  0.120E+03  0.000E+00
   18.425  0.111E+01  0.289E+02  0.000E+00  0.196E+01  0.120E+03  0.000E+00
   18.475  0.117E+01  0.279E+02  0.000E+00  0.251E+01  0.115E+03  0.000E+00
   18.525  0.119E+01  0.340E+02  0.000E+00  0.193E+01  0.105E+03  0.000E+00
   18.575  0.122E+01  0.421E+02  0.000E+00  0.972E+00  0.101E+03  0.000E+00
   18.625  0.124E+01  0.454E+02  0.000E+00  0.310E+00  0.101E+03  0.000E+00
   18.675  0.125E+01  0.454E+02  0.000E+00  0.146E-01  0.101E+03  0.000E+00
   18.725  0.152E+01  0.454E+02  0.000E+00  0.102E-01  0.102E+03  0.000E+00
   18.775  0.213E+01  0.452E+02  0.000E+00  0.347E+00  0.103E+03  0.000E+00
   18.825  0.249E+01  0.448E+02  0.000E+00  0.948E+00  0.103E+03  0.000E+00
   18.875  0.221E+01  0.446E+02  0.000E+00  0.155E+01  0.104E+03  0.000E+00
   18.925  0.150E+01  0.437E+02  0.000E+00  0.190E+01  0.104E+03  0.000E+00
   18.975  0.775E+00  0.457E+02  0.000E+00  0.197E+01  0.987E+02  0.000E+00
   19.025  0.265E+00  0.533E+02  0.000E+00  0.194E+01  0.862E+02  0.000E+00
   19.075  0.384E-02  0.567E+02  0.000E+00  0.193E+01  0.776E+02  0.000E+00
   19.125  0.609E-02  0.499E+02  0.000E+00  0.186E+01  0.808E+02  0.000E+00
   19.175  0.470E+00  0.390E+02  0.000E+00  0.172E+01  0.909E+02  0.000E+00
   19.225  0.115E+01  0.316E+02  0.000E+00  0.165E+01  0.979E+02  0.000E+00
   19.275  0.140E+01  0.306E+02  0.000E+00  0.165E+01  0.972E+02  0.000E+00
   19.325  0.136E+01  0.331E+02  0.000E+00  0.165E+01  0.903E+02  0.000E+00
   19.375  0.127E+01  0.344E+02  0.000E+00  0.202E+01  0.834E+02  0.000E+00
   19.425  0.109E+01  0.344E+02  0.000E+00  0.284E+01  0.833E+02  0.000E+00
   19.475  0.994E+00  0.338E+02  0.000E+00  0.328E+01  0.881E+02  0.000E+00
   19.525  0.900E+00  0.324E+02  0.000E+00  0.279E+01  0.896E+02  0.000E+00
   19.575  0.667E+00  0.316E+02  0.000E+00  0.156E+01  0.841E+02  0.000E+00
   19.625  0.634E+00  0.316E+02  0.000E+00  0.410E+00  0.751E+02  0.000E+00
   19.675  0.952E+00  0.316E+02  0.000E+00  0.103E-01  0.712E+02  0.000E+00
   19.725  0.117E+01  0.316E+02  0.000E+00  0.103E-01  0.761E+02  0.000E+00
   19.775  0.855E+00  0.316E+02  0.000E+00  0.103E-01  0.837E+02  0.000E+00
   19.825  0.271E+00  0.304E+02  0.000E+00  0.103E-01  0.886E+02  0.000E+00
   19.875  0.100E-01  0.280E+02  0.000E+00  0.210E+00  0.904E+02  0.000E+00
   19.925  0.105E-01  0.267E+02  0.000E+00  0.607E+00  0.892E+02  0.000E+00
   19.975  0.126E-01  0.262E+02  0.000E+00  0.804E+00  0.858E+02  0.000E+00
   20.025  0.164E-01  0.249E+02  0.000E+00  0.822E+00  0.835E+02  0.000E+00
   20.075  0.215E+00  0.229E+02  0.000E+00  0.856E+00  0.806E+02  0.000E+00
   20.125  0.607E+00  0.220E+02  0.000E+00  0.872E+00  0.743E+02  0.000E+00
   20.175  0.803E+00  0.236E+02  0.000E+00  0.872E+00  0.695E+02  0.000E+00
   20.225  0.838E+00  0.260E+02  0.000E+00  0.658E+00  0.699E+02  0.000E+00
   20.275  0.826E+00  0.269E+02  0.000E+00  0.229E+00  0.729E+02  0.000E+00
   20.325  0.842E+00  0.269E+02  0.000E+00  0.142E-01  0.746E+02  0.000E+00
   20.375  0.106E+01  0.256E+02  0.000E+00  0.151E-01  0.733E+02  0.000E+00
   20.425  0.110E+01  0.226E+02  0.000E+00  0.138E-01  0.703E+02  0.000E+00
   20.475  0.733E+00  0.204E+02  0.000E+00  0.913E-02  0.685E+02  0.000E+00
   20.525  0.240E+00  0.212E+02  0.000E+00  0.655E-02  0.688E+02  0.000E+00
   20.575 -0.532E-01  0.245E+02  0.000E+00  0.607E-02  0.684E+02  0.000E+00
   20.625  0.137E+00  0.280E+02  0.000E+00  0.459E-02  0.664E+02  0.000E+00
   20.675  0.556E+00  0.307E+02  0.000E+00  0.163E-02  0.669E+02  0.000E+00
   20.725  0.978E+00  0.335E+02  0.000E+00  0.000E+00  0.728E+02  0.000E+00
   20.775  0.155E+01  0.336E+02  0.000E+00  0.224E-02  0.818E+02  0.000E+00
   20.825  0.186E+01  0.308E+02  0.000E+00  0.717E-02  0.865E+02  0.000E+00
   20.875  0.153E+01  0.293E+02  0.000E+00  0.114E-01  0.771E+02  0.000E+00
   20.925  0.968E+00  0.292E+02  0.000E+00  0.125E-01  0.592E+02  0.000E+00
   20.975  0.747E+00  0.283E+02  0.000E+00  0.914E-02  0.506E+02  0.000E+00
   21.025  0.796E+00  0.265E+02  0.000E+00  0.313E-02  0.533E+02  0.000E+00
   21.075  0.820E+00  0.257E+02  0.000E+00  0.795E-03  0.580E+02  0.000E+00
   21.125  0.820E+00  0.270E+02  0.000E+00  0.573E-02  0.598E+02  0.000E+00
   21.175  0.619E+00  0.307E+02  0.000E+00  0.131E-01  0.598E+02  0.000E+00
   21.225  0.218E+00  0.374E+02  0.000E+00  0.161E-01  0.598E+02  0.000E+00
   21.275  0.172E-01  0.451E+02  0.000E+00  0.639E+00  0.585E+02  0.000E+00
   21.325  0.157E-01  0.484E+02  0.000E+00  0.204E+01  0.557E+02  0.000E+00
   21.375  0.113E-01  0.445E+02  0.000E+00  0.298E+01  0.548E+02  0.000E+00
   21.425  0.713E-02  0.370E+02  0.000E+00  0.307E+01  0.528E+02  0.000E+00
   21.475  0.579E-02  0.301E+02  0.000E+00  0.249E+01  0.463E+02  0.000E+00
   21.525  0.609E-02  0.239E+02  0.000E+00  0.162E+01  0.408E+02  0.000E+00
   21.575  0.141E+00  0.204E+02  0.000E+00  0.123E+01  0.411E+02  0.000E+00
   21.625  0.457E+00  0.221E+02  0.000E+00  0.123E+01  0.444E+02  0.000E+00
   21.675  0.665E+00  0.254E+02  0.000E+00  0.123E+01  0.467E+02  0.000E+00
   21.725  0.596E+00  0.257E+02  0.000E+00  0.101E+01  0.478E+02  0.000E+00
   21.775  0.477E+00  0.239E+02  0.000E+00  0.575E+00  0.493E+02  0.000E+00
   21.825  0.545E+00  0.227E+02  0.000E+00  0.290E+00  0.502E+02  0.000E+00
   21.875  0.663E+00  0.226E+02  0.000E+00  0.129E+00  0.471E+02  0.000E+00
   21.925  0.559E+00  0.230E+02  0.000E+00  0.000E+00  0.410E+02  0.000E+00
   21.975  0.293E+00  0.234E+02  0.000E+00  0.187E-02  0.381E+02  0.000E+00
   22.025  0.124E+00  0.229E+02  0.000E+00  0.850E-01  0.381E+02  0.000E+00
   22.075  0.511E-01  0.216E+02  0.000E+00  0.134E+00  0.381E+02  0.000E+00
   22.125  0.133E-01  0.207E+02  0.000E+00  0.953E-01  0.387E+02  0.000E+00
   22.175  0.124E-01  0.214E+02  0.000E+00  0.338E-01  0.400E+02  0.000E+00
   22.225  0.122E-01  0.230E+02  0.000E+00  0.796E-02  0.411E+02  0.000E+00
   22.275  0.122E-01  0.240E+02  0.000E+00  0.548E-02  0.424E+02  0.000E+00
   22.325  0.297E-01  0.228E+02  0.000E+00  0.548E-02  0.421E+02  0.000E+00
   22.375  0.960E-01  0.203E+02  0.000E+00  0.579E-02  0.397E+02  0.000E+00
   22.425  0.108E+00  0.205E+02  0.000E+00  0.642E-02  0.390E+02  0.000E+00
   22.475  0.202E-02  0.246E+02  0.000E+00  0.674E-02  0.423E+02  0.000E+00
   22.525  0.000E+00  0.327E+02  0.000E+00  0.174E+00  0.467E+02  0.000E+00
   22.575  0.212E+00  0.412E+02  0.000E+00  0.508E+00  0.485E+02  0.000E+00
   22.625  0.418E+00  0.444E+02  0.000E+00  0.956E+00  0.485E+02  0.000E+00
   22.675  0.489E+00  0.444E+02  0.000E+00  0.158E+01  0.468E+02  0.000E+00
   22.725  0.771E+00  0.385E+02  0.000E+00  0.184E+01  0.434E+02  0.000E+00
   22.775  0.135E+01  0.266E+02  0.000E+00  0.125E+01  0.417E+02  0.000E+00
   22.825  0.160E+01  0.200E+02  0.000E+00  0.368E+00  0.417E+02  0.000E+00
   22.875  0.109E+01  0.193E+02  0.000E+00  0.130E-02  0.412E+02  0.000E+00
   22.925  0.343E+00  0.190E+02  0.000E+00  0.000E+00  0.383E+02  0.000E+00
   22.975  0.213E-01  0.190E+02  0.000E+00  0.000E+00  0.331E+02  0.000E+00
   23.025  0.290E-02  0.192E+02  0.000E+00  0.000E+00  0.293E+02  0.000E+00
   23.075 -0.524E-03  0.197E+02  0.000E+00  0.000E+00  0.290E+02  0.000E+00
   23.125  0.110E-01  0.204E+02  0.000E+00  0.134E-02  0.312E+02  0.000E+00
   23.175  0.126E-01  0.207E+02  0.000E+00  0.392E-02  0.333E+02  0.000E+00
   23.225  0.419E-02  0.207E+02  0.000E+00  0.566E-02  0.348E+02  0.000E+00
   23.275  0.000E+00  0.207E+02  0.000E+00  0.678E-02  0.369E+02  0.000E+00
   23.325  0.000E+00  0.212E+02  0.000E+00  0.739E-02  0.375E+02  0.000E+00
   23.375  0.000E+00  0.221E+02  0.000E+00  0.910E-02  0.346E+02  0.000E+00
   23.425  0.000E+00  0.227E+02  0.000E+00  0.130E-01  0.306E+02  0.000E+00
   23.475  0.000E+00  0.223E+02  0.000E+00  0.150E-01  0.290E+02  0.000E+00
   23.525  0.233E+00  0.214E+02  0.000E+00  0.126E-01  0.290E+02  0.000E+00
   23.575  0.735E+00  0.205E+02  0.000E+00  0.696E-02  0.299E+02  0.000E+00
   23.625  0.102E+01  0.186E+02  0.000E+00  0.177E-02  0.317E+02  0.000E+00
   23.675  0.967E+00  0.158E+02  0.000E+00  0.000E+00  0.325E+02  0.000E+00
   23.725  0.816E+00  0.142E+02  0.000E+00  0.000E+00  0.325E+02  0.000E+00
   23.775  0.709E+00  0.138E+02  0.000E+00  0.000E+00  0.311E+02  0.000E+00
   23.825  0.709E+00  0.130E+02  0.000E+00  0.000E+00  0.274E+02  0.000E+00
   23.875  0.762E+00  0.114E+02  0.000E+00  0.222E+00  0.242E+02  0.000E+00
   23.925  0.594E+00  0.102E+02  0.000E+00  0.741E+00  0.232E+02  0.000E+00
   23.975  0.203E+00  0.106E+02  0.000E+00  0.104E+01  0.244E+02  0.000E+00
   24.025  0.825E-02  0.121E+02  0.000E+00  0.746E+00  0.266E+02  0.000E+00
   24.075  0.817E-02  0.138E+02  0.000E+00  0.229E+00  0.276E+02  0.000E+00
   24.125  0.778E-02  0.152E+02  0.000E+00  0.769E-03  0.280E+02  0.000E+00
   24.175  0.710E-02  0.160E+02  0.000E+00 -0.238E-02  0.283E+02  0.000E+00
   24.225  0.676E-02  0.162E+02  0.000E+00  0.236E-02  0.285E+02  0.000E+00
   24.275  0.507E-02  0.161E+02  0.000E+00  0.875E-02  0.285E+02  0.000E+00
   24.325  0.169E-02  0.160E+02  0.000E+00  0.992E-02  0.285E+02  0.000E+00
   24.375  0.000E+00  0.158E+02  0.000E+00  0.786E-02  0.278E+02  0.000E+00
   24.425  0.000E+00  0.157E+02  0.000E+00  0.700E-02  0.256E+02  0.000E+00
   24.475  0.186E-02  0.157E+02  0.000E+00  0.525E-02  0.235E+02  0.000E+00
   24.525  0.143E+00  0.157E+02  0.000E+00  0.175E-02  0.228E+02  0.000E+00
   24.575  0.420E+00  0.157E+02  0.000E+00  0.000E+00  0.228E+02  0.000E+00
   24.625  0.594E+00  0.148E+02  0.000E+00  0.000E+00  0.221E+02  0.000E+00
   24.675  0.669E+00  0.129E+02  0.000E+00  0.000E+00  0.205E+02  0.000E+00
   24.725  0.706E+00  0.118E+02  0.000E+00  0.000E+00  0.196E+02  0.000E+00
   24.775  0.706E+00  0.115E+02  0.000E+00  0.000E+00  0.202E+02  0.000E+00
   24.825  0.530E+00  0.110E+02  0.000E+00  0.000E+00  0.214E+02  0.000E+00
   24.875  0.177E+00  0.111E+02  0.000E+00  0.000E+00  0.226E+02  0.000E+00
   24.925  0.000E+00  0.120E+02  0.000E+00  0.000E+00  0.240E+02  0.000E+00
   24.975  0.000E+00  0.133E+02  0.000E+00  0.000E+00  0.244E+02  0.000E+00
   25.025  0.000E+00  0.147E+02  0.000E+00  0.000E+00  0.228E+02  0.000E+00
   25.075  0.000E+00  0.152E+02  0.000E+00  0.000E+00  0.204E+02  0.000E+00
   25.125  0.156E+00  0.135E+02  0.000E+00  0.000E+00  0.195E+02  0.000E+00
   25.175  0.467E+00  0.103E+02  0.000E+00  0.000E+00  0.220E+02  0.000E+00
   25.225  0.623E+00  0.808E+01  0.000E+00  0.000E+00  0.269E+02  0.000E+00
   25.275  0.623E+00  0.783E+01  0.000E+00  0.000E+00  0.296E+02  0.000E+00
   25.325  0.467E+00  0.924E+01  0.000E+00  0.000E+00  0.274E+02  0.000E+00
   25.375  0.156E+00  0.112E+02  0.000E+00  0.000E+00  0.233E+02  0.000E+00
   25.425  0.000E+00  0.126E+02  0.000E+00  0.000E+00  0.216E+02  0.000E+00
   25.475  0.000E+00  0.136E+02  0.000E+00  0.000E+00  0.205E+02  0.000E+00
   25.525  0.000E+00  0.145E+02  0.000E+00  0.000E+00  0.184E+02  0.000E+00
   25.575  0.000E+00  0.153E+02  0.000E+00  0.000E+00  0.174E+02  0.000E+00
   25.625  0.000E+00  0.156E+02  0.000E+00  0.000E+00  0.174E+02  0.000E+00
   25.675  0.000E+00  0.150E+02  0.000E+00  0.000E+00  0.174E+02  0.000E+00
   25.725  0.000E+00  0.142E+02  0.000E+00  0.000E+00  0.173E+02  0.000E+00
   25.775  0.000E+00  0.139E+02  0.000E+00  0.000E+00  0.171E+02  0.000E+00
   25.825  0.000E+00  0.141E+02  0.000E+00  0.000E+00  0.173E+02  0.000E+00
   25.875  0.000E+00  0.142E+02  0.000E+00  0.000E+00  0.181E+02  0.000E+00
   25.925  0.000E+00  0.144E+02  0.000E+00  0.000E+00  0.185E+02  0.000E+00
   25.975  0.000E+00  0.132E+02  0.000E+00  0.000E+00  0.179E+02  0.000E+00
   26.025  0.000E+00  0.100E+02  0.000E+00  0.000E+00  0.172E+02  0.000E+00
   26.075  0.000E+00  0.760E+01  0.000E+00  0.000E+00  0.158E+02  0.000E+00
   26.125  0.000E+00  0.836E+01  0.000E+00  0.000E+00  0.138E+02  0.000E+00
   26.175  0.000E+00  0.109E+02  0.000E+00  0.000E+00  0.128E+02  0.000E+00
   26.225  0.000E+00  0.123E+02  0.000E+00  0.000E+00  0.128E+02  0.000E+00
   26.275  0.000E+00  0.125E+02  0.000E+00  0.000E+00  0.125E+02  0.000E+00
   26.325  0.171E-02  0.120E+02  0.000E+00  0.000E+00  0.136E+02  0.000E+00
   26.375  0.512E-02  0.110E+02  0.000E+00  0.000E+00  0.171E+02  0.000E+00
   26.425  0.913E-02  0.104E+02  0.000E+00  0.000E+00  0.196E+02  0.000E+00
   26.475  0.142E-01  0.117E+02  0.000E+00  0.000E+00  0.185E+02  0.000E+00
   26.525  0.162E-01  0.147E+02  0.000E+00  0.000E+00  0.159E+02  0.000E+00
   26.575  0.108E-01  0.164E+02  0.000E+00  0.000E+00  0.150E+02  0.000E+00
   26.625  0.316E-02  0.155E+02  0.000E+00  0.000E+00  0.157E+02  0.000E+00
   26.675  0.000E+00  0.135E+02  0.000E+00  0.000E+00  0.161E+02  0.000E+00
   26.725  0.000E+00  0.124E+02  0.000E+00  0.000E+00  0.154E+02  0.000E+00
   26.775  0.000E+00  0.125E+02  0.000E+00  0.000E+00  0.140E+02  0.000E+00
   26.825  0.000E+00  0.133E+02  0.000E+00  0.178E-02  0.124E+02  0.000E+00
   26.875  0.000E+00  0.137E+02  0.000E+00  0.534E-02  0.107E+02  0.000E+00
   26.925  0.000E+00  0.137E+02  0.000E+00  0.712E-02  0.108E+02  0.000E+00
   26.975  0.000E+00  0.143E+02  0.000E+00  0.712E-02  0.128E+02  0.000E+00
   27.025  0.000E+00  0.156E+02  0.000E+00  0.534E-02  0.141E+02  0.000E+00
   27.075  0.000E+00  0.163E+02  0.000E+00  0.178E-02  0.148E+02  0.000E+00
   27.125  0.000E+00  0.161E+02  0.000E+00  0.000E+00  0.151E+02  0.000E+00
   27.175  0.000E+00  0.156E+02  0.000E+00  0.000E+00  0.141E+02  0.000E+00
   27.225  0.262E-02  0.147E+02  0.000E+00  0.000E+00  0.123E+02  0.000E+00
   27.275  0.117E-01  0.135E+02  0.000E+00  0.000E+00  0.111E+02  0.000E+00
   27.325  0.228E-01  0.129E+02  0.000E+00  0.000E+00  0.112E+02  0.000E+00
   27.375  0.262E-01  0.130E+02  0.000E+00  0.000E+00  0.119E+02  0.000E+00
   27.425  0.176E-01  0.130E+02  0.000E+00  0.000E+00  0.122E+02  0.000E+00
   27.475  0.514E-02  0.130E+02  0.000E+00  0.000E+00  0.122E+02  0.000E+00
   27.525  0.000E+00  0.130E+02  0.000E+00  0.000E+00  0.122E+02  0.000E+00
   27.575  0.000E+00  0.127E+02  0.000E+00  0.000E+00  0.122E+02  0.000E+00
   27.625  0.000E+00  0.121E+02  0.000E+00  0.203E-02  0.122E+02  0.000E+00
   27.675  0.000E+00  0.116E+02  0.000E+00  0.609E-02  0.122E+02  0.000E+00
   27.725  0.000E+00  0.113E+02  0.000E+00  0.812E-02  0.122E+02  0.000E+00
   27.775  0.000E+00  0.101E+02  0.000E+00  0.812E-02  0.122E+02  0.000E+00
   27.825  0.000E+00  0.816E+01  0.000E+00  0.609E-02  0.134E+02  0.000E+00
   27.875  0.000E+00  0.722E+01  0.000E+00  0.203E-02  0.158E+02  0.000E+00
   27.925  0.000E+00  0.834E+01  0.000E+00  0.000E+00  0.171E+02  0.000E+00
   27.975  0.000E+00  0.105E+02  0.000E+00  0.000E+00  0.171E+02  0.000E+00
   28.025  0.000E+00  0.117E+02  0.000E+00  0.000E+00  0.172E+02  0.000E+00
   28.075  0.000E+00  0.122E+02  0.000E+00  0.000E+00  0.170E+02  0.000E+00
   28.125  0.000E+00  0.132E+02  0.000E+00  0.000E+00  0.164E+02  0.000E+00
   28.175  0.000E+00  0.134E+02  0.000E+00  0.000E+00  0.150E+02  0.000E+00
   28.225  0.000E+00  0.116E+02  0.000E+00  0.000E+00  0.131E+02  0.000E+00
   28.275  0.000E+00  0.892E+01  0.000E+00  0.000E+00  0.122E+02  0.000E+00
   28.325  0.000E+00  0.784E+01  0.000E+00  0.000E+00  0.113E+02  0.000E+00
   28.375  0.000E+00  0.874E+01  0.000E+00  0.000E+00  0.939E+01  0.000E+00
   28.425  0.000E+00  0.107E+02  0.000E+00  0.000E+00  0.807E+01  0.000E+00
   28.475  0.000E+00  0.118E+02  0.000E+00  0.000E+00  0.829E+01  0.000E+00
   28.525  0.000E+00  0.111E+02  0.000E+00  0.000E+00  0.922E+01  0.000E+00
   28.575  0.000E+00  0.985E+01  0.000E+00  0.000E+00  0.984E+01  0.000E+00
   28.625  0.000E+00  0.945E+01  0.000E+00  0.000E+00  0.102E+02  0.000E+00
   28.675  0.000E+00  0.973E+01  0.000E+00  0.000E+00  0.104E+02  0.000E+00
   28.725  0.000E+00  0.990E+01  0.000E+00  0.000E+00  0.101E+02  0.000E+00
   28.775  0.000E+00  0.955E+01  0.000E+00  0.000E+00  0.950E+01  0.000E+00
   28.825  0.000E+00  0.880E+01  0.000E+00  0.000E+00  0.844E+01  0.000E+00
   28.875  0.000E+00  0.856E+01  0.000E+00  0.000E+00  0.666E+01  0.000E+00
   28.925  0.000E+00  0.957E+01  0.000E+00  0.000E+00  0.566E+01  0.000E+00
   28.975  0.000E+00  0.112E+02  0.000E+00  0.000E+00  0.663E+01  0.000E+00
   29.025  0.000E+00  0.118E+02  0.000E+00  0.000E+00  0.832E+01  0.000E+00
   29.075  0.000E+00  0.106E+02  0.000E+00  0.000E+00  0.934E+01  0.000E+00
   29.125  0.000E+00  0.845E+01  0.000E+00  0.000E+00  0.993E+01  0.000E+00
   29.175  0.000E+00  0.722E+01  0.000E+00  0.000E+00  0.112E+02  0.000E+00
   29.225  0.000E+00  0.794E+01  0.000E+00  0.000E+00  0.133E+02  0.000E+00
   29.275  0.000E+00  0.107E+02  0.000E+00  0.000E+00  0.135E+02  0.000E+00
   29.325  0.000E+00  0.136E+02  0.000E+00  0.000E+00  0.102E+02  0.000E+00
   29.375  0.000E+00  0.139E+02  0.000E+00  0.000E+00  0.580E+01  0.000E+00
   29.425  0.000E+00  0.114E+02  0.000E+00  0.000E+00  0.362E+01  0.000E+00
   29.475  0.000E+00  0.794E+01  0.000E+00  0.000E+00  0.368E+01  0.000E+00
   29.525  0.000E+00  0.554E+01  0.000E+00  0.000E+00  0.443E+01  0.000E+00
   29.575  0.000E+00  0.607E+01  0.000E+00  0.000E+00  0.494E+01  0.000E+00
   29.625  0.000E+00  0.836E+01  0.000E+00  0.000E+00  0.454E+01  0.000E+00
   29.675  0.000E+00  0.886E+01  0.000E+00  0.000E+00  0.343E+01  0.000E+00
   29.725  0.000E+00  0.764E+01  0.000E+00  0.000E+00  0.330E+01  0.000E+00
   29.775  0.000E+00  0.693E+01  0.000E+00  0.000E+00  0.523E+01  0.000E+00
   29.825  0.000E+00  0.690E+01  0.000E+00  0.000E+00  0.774E+01  0.000E+00
   29.875  0.000E+00  0.736E+01  0.000E+00  0.000E+00  0.893E+01  0.000E+00
   29.925  0.000E+00  0.838E+01  0.000E+00  0.000E+00  0.908E+01  0.000E+00
   29.975  0.000E+00  0.921E+01  0.000E+00  0.000E+00  0.907E+01  0.000E+00
   30.025  0.000E+00  0.939E+01  0.000E+00  0.000E+00  0.894E+01  0.000E+00
   30.075  0.000E+00  0.929E+01  0.000E+00  0.000E+00  0.872E+01  0.000E+00
   30.125  0.000E+00  0.925E+01  0.000E+00  0.000E+00  0.822E+01  0.000E+00
   30.175  0.000E+00  0.906E+01  0.000E+00  0.000E+00  0.702E+01  0.000E+00
   30.225  0.000E+00  0.869E+01  0.000E+00  0.000E+00  0.576E+01  0.000E+00
   30.275  0.000E+00  0.816E+01  0.000E+00  0.000E+00  0.481E+01  0.000E+00
   30.325  0.000E+00  0.747E+01  0.000E+00  0.000E+00  0.382E+01  0.000E+00
   30.375  0.000E+00  0.723E+01  0.000E+00  0.000E+00  0.333E+01  0.000E+00
   30.425  0.000E+00  0.743E+01  0.000E+00  0.000E+00  0.333E+01  0.000E+00
   30.475  0.000E+00  0.753E+01  0.000E+00  0.000E+00  0.316E+01  0.000E+00
   30.525  0.000E+00  0.753E+01  0.000E+00  0.000E+00  0.331E+01  0.000E+00
   30.575  0.000E+00  0.753E+01  0.000E+00  0.000E+00  0.412E+01  0.000E+00
   30.625  0.000E+00  0.681E+01  0.000E+00  0.000E+00  0.461E+01  0.000E+00
   30.675  0.000E+00  0.516E+01  0.000E+00  0.000E+00  0.587E+01  0.000E+00
   30.725  0.000E+00  0.414E+01  0.000E+00  0.000E+00  0.874E+01  0.000E+00
   30.775  0.000E+00  0.463E+01  0.000E+00  0.000E+00  0.997E+01  0.000E+00
   30.825  0.000E+00  0.572E+01  0.000E+00  0.000E+00  0.782E+01  0.000E+00
   30.875  0.000E+00  0.610E+01  0.000E+00  0.000E+00  0.452E+01  0.000E+00
   30.925  0.000E+00  0.586E+01  0.000E+00  0.000E+00  0.266E+01  0.000E+00
   30.975  0.000E+00  0.574E+01  0.000E+00  0.000E+00  0.318E+01  0.000E+00
   31.025  0.000E+00  0.664E+01  0.000E+00  0.000E+00  0.522E+01  0.000E+00
   31.075  0.000E+00  0.843E+01  0.000E+00  0.000E+00  0.686E+01  0.000E+00
   31.125  0.000E+00  0.933E+01  0.000E+00  0.000E+00  0.872E+01  0.000E+00
   31.175  0.000E+00  0.933E+01  0.000E+00  0.000E+00  0.117E+02  0.000E+00
   31.225  0.000E+00  0.890E+01  0.000E+00  0.000E+00  0.126E+02  0.000E+00
   31.275  0.000E+00  0.800E+01  0.000E+00  0.000E+00  0.903E+01  0.000E+00
   31.325  0.000E+00  0.758E+01  0.000E+00  0.000E+00  0.350E+01  0.000E+00
   31.375  0.000E+00  0.777E+01  0.000E+00  0.000E+00  0.266E+00  0.000E+00
   31.425  0.000E+00  0.803E+01  0.000E+00  0.000E+00  0.131E+01  0.000E+00
   31.475  0.000E+00  0.819E+01  0.000E+00  0.000E+00  0.423E+01  0.000E+00
   31.525  0.000E+00  0.738E+01  0.000E+00  0.000E+00  0.569E+01  0.000E+00
   31.575  0.000E+00  0.582E+01  0.000E+00  0.000E+00  0.594E+01  0.000E+00
   31.625  0.000E+00  0.505E+01  0.000E+00  0.000E+00  0.609E+01  0.000E+00
   31.675  0.000E+00  0.494E+01  0.000E+00  0.000E+00  0.615E+01  0.000E+00
   31.725  0.000E+00  0.481E+01  0.000E+00  0.000E+00  0.619E+01  0.000E+00
   31.775  0.000E+00  0.477E+01  0.000E+00  0.000E+00  0.618E+01  0.000E+00
   31.825  0.000E+00  0.477E+01  0.000E+00  0.000E+00  0.613E+01  0.000E+00
   31.875  0.000E+00  0.492E+01  0.000E+00  0.000E+00  0.589E+01  0.000E+00
   31.925  0.000E+00  0.529E+01  0.000E+00  0.000E+00  0.545E+01  0.000E+00
   31.975  0.000E+00  0.547E+01  0.000E+00  0.000E+00  0.491E+01  0.000E+00
   32.025  0.000E+00  0.512E+01  0.000E+00  0.000E+00  0.426E+01  0.000E+00
   32.075  0.000E+00  0.456E+01  0.000E+00  0.000E+00  0.392E+01  0.000E+00
   32.125  0.000E+00  0.431E+01  0.000E+00  0.000E+00  0.391E+01  0.000E+00
   32.175  0.000E+00  0.424E+01  0.000E+00  0.000E+00  0.391E+01  0.000E+00
   32.225  0.000E+00  0.434E+01  0.000E+00  0.000E+00  0.391E+01  0.000E+00
   32.275  0.000E+00  0.467E+01  0.000E+00  0.000E+00  0.399E+01  0.000E+00
   32.325  0.000E+00  0.489E+01  0.000E+00  0.000E+00  0.405E+01  0.000E+00
   32.375  0.000E+00  0.477E+01  0.000E+00  0.000E+00  0.361E+01  0.000E+00
   32.425  0.000E+00  0.452E+01  0.000E+00  0.000E+00  0.269E+01  0.000E+00
   32.475  0.000E+00  0.444E+01  0.000E+00  0.000E+00  0.215E+01  0.000E+00
   32.525  0.000E+00  0.451E+01  0.000E+00  0.000E+00  0.246E+01  0.000E+00
   32.575  0.000E+00  0.454E+01  0.000E+00  0.000E+00  0.319E+01  0.000E+00
   32.625  0.000E+00  0.495E+01  0.000E+00  0.000E+00  0.432E+01  0.000E+00
   32.675  0.000E+00  0.597E+01  0.000E+00  0.000E+00  0.602E+01  0.000E+00
   32.725  0.000E+00  0.671E+01  0.000E+00  0.000E+00  0.693E+01  0.000E+00
   32.775  0.000E+00  0.655E+01  0.000E+00  0.000E+00  0.592E+01  0.000E+00
   32.825  0.000E+00  0.596E+01  0.000E+00  0.000E+00  0.387E+01  0.000E+00
   32.875  0.000E+00  0.569E+01  0.000E+00  0.000E+00  0.249E+01  0.000E+00
   32.925  0.000E+00  0.569E+01  0.000E+00  0.000E+00  0.217E+01  0.000E+00
   32.975  0.000E+00  0.569E+01  0.000E+00  0.000E+00  0.217E+01  0.000E+00
   33.025  0.000E+00  0.592E+01  0.000E+00  0.000E+00  0.241E+01  0.000E+00
   33.075  0.000E+00  0.636E+01  0.000E+00  0.000E+00  0.290E+01  0.000E+00
   33.125  0.000E+00  0.658E+01  0.000E+00  0.000E+00  0.337E+01  0.000E+00
   33.175  0.000E+00  0.658E+01  0.000E+00  0.000E+00  0.382E+01  0.000E+00
   33.225  0.000E+00  0.676E+01  0.000E+00  0.000E+00  0.331E+01  0.000E+00
   33.275  0.000E+00  0.711E+01  0.000E+00  0.000E+00  0.147E+01  0.000E+00
   33.325  0.000E+00  0.696E+01  0.000E+00  0.000E+00  0.000E+00  0.000E+00
   33.375  0.000E+00  0.631E+01  0.000E+00  0.000E+00  0.174E-04  0.000E+00
   33.425  0.000E+00  0.590E+01  0.000E+00  0.000E+00  0.961E+00  0.000E+00
   33.475  0.000E+00  0.538E+01  0.000E+00  0.000E+00  0.214E+01  0.000E+00
   33.525  0.000E+00  0.462E+01  0.000E+00  0.000E+00  0.321E+01  0.000E+00
   33.575  0.000E+00  0.423E+01  0.000E+00  0.000E+00  0.381E+01  0.000E+00
   33.625  0.000E+00  0.413E+01  0.000E+00  0.000E+00  0.402E+01  0.000E+00
   33.675  0.000E+00  0.420E+01  0.000E+00  0.000E+00  0.420E+01  0.000E+00
   33.725  0.000E+00  0.443E+01  0.000E+00  0.000E+00  0.461E+01  0.000E+00
   33.775  0.000E+00  0.469E+01  0.000E+00  0.000E+00  0.523E+01  0.000E+00
   33.825  0.000E+00  0.499E+01  0.000E+00  0.000E+00  0.539E+01  0.000E+00
   33.875  0.000E+00  0.511E+01  0.000E+00  0.000E+00  0.508E+01  0.000E+00
   33.925  0.000E+00  0.506E+01  0.000E+00  0.000E+00  0.492E+01  0.000E+00
   33.975  0.000E+00  0.519E+01  0.000E+00  0.000E+00  0.421E+01  0.000E+00
   34.025  0.000E+00  0.587E+01  0.000E+00  0.000E+00  0.260E+01  0.000E+00
   34.075  0.000E+00  0.685E+01  0.000E+00  0.000E+00  0.164E+01  0.000E+00
   34.125  0.000E+00  0.731E+01  0.000E+00  0.000E+00  0.219E+01  0.000E+00
   34.175  0.000E+00  0.676E+01  0.000E+00  0.000E+00  0.337E+01  0.000E+00
   34.225  0.000E+00  0.579E+01  0.000E+00  0.000E+00  0.396E+01  0.000E+00
   34.275  0.000E+00  0.539E+01  0.000E+00  0.000E+00  0.367E+01  0.000E+00
   34.325  0.000E+00  0.491E+01  0.000E+00  0.000E+00  0.326E+01  0.000E+00
   34.375  0.000E+00  0.351E+01  0.000E+00  0.000E+00  0.331E+01  0.000E+00
   34.425  0.000E+00  0.233E+01  0.000E+00  0.000E+00  0.346E+01  0.000E+00
   34.475  0.000E+00  0.230E+01  0.000E+00  0.000E+00  0.315E+01  0.000E+00
   34.525  0.000E+00  0.291E+01  0.000E+00  0.000E+00  0.253E+01  0.000E+00
   34.575  0.000E+00  0.354E+01  0.000E+00  0.000E+00  0.222E+01  0.000E+00
   34.625  0.000E+00  0.407E+01  0.000E+00  0.000E+00  0.222E+01  0.000E+00
   34.675  0.000E+00  0.430E+01  0.000E+00  0.000E+00  0.223E+01  0.000E+00
   34.725  0.000E+00  0.430E+01  0.000E+00  0.000E+00  0.219E+01  0.000E+00
   34.775  0.000E+00  0.437E+01  0.000E+00  0.000E+00  0.210E+01  0.000E+00
   34.825  0.000E+00  0.449E+01  0.000E+00  0.000E+00  0.206E+01  0.000E+00
   34.875  0.000E+00  0.455E+01  0.000E+00  0.000E+00  0.214E+01  0.000E+00
   34.925  0.000E+00  0.455E+01  0.000E+00  0.000E+00  0.239E+01  0.000E+00
   34.975  0.000E+00  0.392E+01  0.000E+00  0.000E+00  0.320E+01  0.000E+00
   35.025  0.000E+00  0.237E+01  0.000E+00  0.000E+00  0.448E+01  0.000E+00
   35.075  0.000E+00  0.128E+01  0.000E+00  0.000E+00  0.507E+01  0.000E+00
   35.125  0.000E+00  0.182E+01  0.000E+00  0.000E+00  0.422E+01  0.000E+00
   35.175  0.000E+00  0.313E+01  0.000E+00  0.000E+00  0.256E+01  0.000E+00
   35.225  0.000E+00  0.380E+01  0.000E+00  0.000E+00  0.134E+01  0.000E+00
   35.275  0.000E+00  0.400E+01  0.000E+00  0.000E+00  0.945E+00  0.000E+00
   35.325  0.000E+00  0.415E+01  0.000E+00  0.000E+00  0.945E+00  0.000E+00
   35.375  0.000E+00  0.411E+01  0.000E+00  0.000E+00  0.104E+01  0.000E+00
   35.425  0.000E+00  0.412E+01  0.000E+00  0.000E+00  0.133E+01  0.000E+00
   35.475  0.000E+00  0.427E+01  0.000E+00  0.000E+00  0.184E+01  0.000E+00
   35.525  0.000E+00  0.520E+01  0.000E+00  0.000E+00  0.210E+01  0.000E+00
   35.575  0.000E+00  0.715E+01  0.000E+00  0.000E+00  0.214E+01  0.000E+00
   35.625  0.000E+00  0.806E+01  0.000E+00  0.000E+00  0.224E+01  0.000E+00
   35.675  0.000E+00  0.642E+01  0.000E+00  0.000E+00  0.224E+01  0.000E+00
   35.725  0.000E+00  0.392E+01  0.000E+00  0.000E+00  0.214E+01  0.000E+00
   35.775  0.000E+00  0.287E+01  0.000E+00  0.000E+00  0.209E+01  0.000E+00
   35.825  0.000E+00  0.287E+01  0.000E+00  0.000E+00  0.196E+01  0.000E+00
   35.875  0.000E+00  0.287E+01  0.000E+00  0.000E+00  0.171E+01  0.000E+00
   35.925  0.000E+00  0.302E+01  0.000E+00  0.000E+00  0.158E+01  0.000E+00
   35.975  0.000E+00  0.332E+01  0.000E+00  0.000E+00  0.158E+01  0.000E+00
   36.025  0.000E+00  0.348E+01  0.000E+00  0.000E+00  0.176E+01  0.000E+00
   36.075  0.000E+00  0.348E+01  0.000E+00  0.000E+00  0.213E+01  0.000E+00
   36.125  0.000E+00  0.348E+01  0.000E+00  0.000E+00  0.231E+01  0.000E+00
   36.175  0.000E+00  0.348E+01  0.000E+00  0.000E+00  0.231E+01  0.000E+00
   36.225  0.000E+00  0.397E+01  0.000E+00  0.000E+00  0.242E+01  0.000E+00
   36.275  0.000E+00  0.495E+01  0.000E+00  0.000E+00  0.263E+01  0.000E+00
   36.325  0.000E+00  0.459E+01  0.000E+00  0.000E+00  0.273E+01  0.000E+00
   36.375  0.000E+00  0.291E+01  0.000E+00  0.000E+00  0.273E+01  0.000E+00
   36.425  0.000E+00  0.163E+01  0.000E+00  0.000E+00  0.273E+01  0.000E+00
   36.475  0.000E+00  0.612E+00  0.000E+00  0.000E+00  0.273E+01  0.000E+00
   36.525  0.000E+00 -0.672E-01  0.000E+00  0.000E+00  0.272E+01  0.000E+00
   36.575  0.000E+00  0.316E+00  0.000E+00  0.000E+00  0.272E+01  0.000E+00
   36.625  0.000E+00  0.121E+01  0.000E+00  0.000E+00  0.272E+01  0.000E+00
   36.675  0.000E+00  0.163E+01  0.000E+00  0.000E+00  0.280E+01  0.000E+00
   36.725  0.000E+00  0.239E+01  0.000E+00  0.000E+00  0.299E+01  0.000E+00
   36.775  0.000E+00  0.389E+01  0.000E+00  0.000E+00  0.309E+01  0.000E+00
   36.825  0.000E+00  0.465E+01  0.000E+00  0.000E+00  0.231E+01  0.000E+00
   36.875  0.000E+00  0.465E+01  0.000E+00  0.000E+00  0.760E+00  0.000E+00
   36.925  0.000E+00  0.444E+01  0.000E+00  0.000E+00  0.000E+00  0.000E+00
   36.975  0.000E+00  0.404E+01  0.000E+00  0.000E+00  0.000E+00  0.000E+00
   37.025  0.000E+00  0.384E+01  0.000E+00  0.000E+00  0.000E+00  0.000E+00
   37.075  0.000E+00  0.384E+01  0.000E+00  0.000E+00  0.000E+00  0.000E+00
   37.125  0.000E+00  0.396E+01  0.000E+00  0.000E+00  0.257E+00  0.000E+00
   37.175  0.000E+00  0.421E+01  0.000E+00  0.000E+00  0.771E+00  0.000E+00
   37.225  0.000E+00  0.433E+01  0.000E+00  0.000E+00  0.103E+01  0.000E+00
   37.275  0.000E+00  0.433E+01  0.000E+00  0.000E+00  0.103E+01  0.000E+00
   37.325  0.000E+00  0.389E+01  0.000E+00  0.000E+00  0.136E+01  0.000E+00
   37.375  0.000E+00  0.302E+01  0.000E+00  0.000E+00  0.202E+01  0.000E+00
   37.425  0.000E+00  0.259E+01  0.000E+00  0.000E+00  0.236E+01  0.000E+00
   37.475  0.000E+00  0.225E+01  0.000E+00  0.000E+00  0.250E+01  0.000E+00
   37.525  0.000E+00  0.146E+01  0.000E+00  0.000E+00  0.280E+01  0.000E+00
   37.575  0.000E+00  0.106E+01  0.000E+00  0.000E+00  0.275E+01  0.000E+00
   37.625  0.000E+00  0.162E+01  0.000E+00  0.000E+00  0.204E+01  0.000E+00
   37.675  0.000E+00  0.264E+01  0.000E+00  0.000E+00  0.134E+01  0.000E+00
   37.725  0.000E+00  0.322E+01  0.000E+00  0.000E+00  0.162E+01  0.000E+00
   37.775  0.000E+00  0.322E+01  0.000E+00  0.000E+00  0.257E+01  0.000E+00
   37.825  0.000E+00  0.306E+01  0.000E+00  0.000E+00  0.277E+01  0.000E+00
   37.875  0.000E+00  0.299E+01  0.000E+00  0.000E+00  0.180E+01  0.000E+00
   37.925  0.000E+00  0.276E+01  0.000E+00  0.000E+00  0.632E+00  0.000E+00
   37.975  0.000E+00  0.230E+01  0.000E+00  0.000E+00  0.229E+00  0.000E+00
   38.025  0.000E+00  0.207E+01  0.000E+00  0.000E+00  0.913E+00  0.000E+00
   38.075  0.000E+00  0.207E+01  0.000E+00  0.000E+00  0.216E+01  0.000E+00
   38.125  0.000E+00  0.207E+01  0.000E+00  0.000E+00  0.278E+01  0.000E+00
   38.175  0.000E+00  0.207E+01  0.000E+00  0.000E+00  0.211E+01  0.000E+00
   38.225  0.000E+00  0.199E+01  0.000E+00  0.000E+00  0.104E+01  0.000E+00
   38.275  0.000E+00  0.186E+01  0.000E+00  0.000E+00  0.557E+00  0.000E+00
   38.325  0.000E+00  0.181E+01  0.000E+00  0.000E+00  0.223E+00  0.000E+00
   38.375  0.000E+00  0.281E+01  0.000E+00  0.000E+00 -0.453E-01  0.000E+00
   38.425  0.000E+00  0.529E+01  0.000E+00  0.000E+00  0.303E+00  0.000E+00
   38.475  0.000E+00  0.712E+01  0.000E+00  0.000E+00  0.111E+01  0.000E+00
   38.525  0.000E+00  0.672E+01  0.000E+00  0.000E+00  0.166E+01  0.000E+00
   38.575  0.000E+00  0.519E+01  0.000E+00  0.000E+00  0.123E+01  0.000E+00
   38.625  0.000E+00  0.432E+01  0.000E+00  0.000E+00  0.167E+00  0.000E+00
   38.675  0.000E+00  0.388E+01  0.000E+00  0.000E+00 -0.173E+00  0.000E+00
   38.725  0.000E+00  0.306E+01  0.000E+00  0.000E+00  0.795E+00  0.000E+00
   38.775  0.000E+00  0.244E+01  0.000E+00  0.000E+00  0.207E+01  0.000E+00
   38.825  0.000E+00  0.243E+01  0.000E+00  0.000E+00  0.256E+01  0.000E+00
   38.875  0.000E+00  0.266E+01  0.000E+00  0.000E+00  0.256E+01  0.000E+00
   38.925  0.000E+00  0.286E+01  0.000E+00  0.000E+00  0.240E+01  0.000E+00
   38.975  0.000E+00  0.304E+01  0.000E+00  0.000E+00  0.168E+01  0.000E+00
   39.025  0.000E+00  0.313E+01  0.000E+00  0.000E+00  0.609E+00  0.000E+00
   39.075  0.000E+00  0.313E+01  0.000E+00  0.000E+00  0.199E-01  0.000E+00
   39.125  0.000E+00  0.313E+01  0.000E+00  0.000E+00 -0.298E-01  0.000E+00
   39.175  0.000E+00  0.299E+01  0.000E+00  0.000E+00  0.000E+00  0.000E+00
   39.225  0.000E+00  0.270E+01  0.000E+00  0.000E+00  0.642E+00  0.000E+00
   39.275  0.000E+00  0.256E+01  0.000E+00  0.000E+00  0.213E+01  0.000E+00
   39.325  0.000E+00  0.256E+01  0.000E+00  0.000E+00  0.297E+01  0.000E+00
   39.375  0.000E+00  0.258E+01  0.000E+00  0.000E+00  0.219E+01  0.000E+00
   39.425  0.000E+00  0.264E+01  0.000E+00  0.000E+00  0.580E+00  0.000E+00
   39.475  0.000E+00  0.267E+01  0.000E+00  0.000E+00 -0.396E+00  0.000E+00
   39.525  0.000E+00  0.276E+01  0.000E+00  0.000E+00  0.000E+00  0.000E+00
   39.575  0.000E+00  0.267E+01  0.000E+00  0.000E+00  0.150E+01  0.000E+00
   39.625  0.000E+00  0.212E+01  0.000E+00  0.000E+00  0.307E+01  0.000E+00
   39.675  0.000E+00  0.184E+01  0.000E+00  0.000E+00  0.366E+01  0.000E+00
   39.725  0.000E+00  0.249E+01  0.000E+00  0.000E+00  0.311E+01  0.000E+00
   39.775  0.000E+00  0.395E+01  0.000E+00  0.000E+00  0.237E+01  0.000E+00
   39.825  0.000E+00  0.534E+01  0.000E+00  0.000E+00  0.233E+01  0.000E+00
   39.875  0.000E+00  0.554E+01  0.000E+00  0.000E+00  0.250E+01  0.000E+00
   39.925  0.000E+00  0.421E+01  0.000E+00  0.000E+00  0.250E+01  0.000E+00
   39.975  0.000E+00  0.204E+01  0.000E+00  0.000E+00  0.187E+01  0.000E+00
   40.025  0.000E+00  0.450E+00  0.000E+00  0.000E+00  0.624E+00  0.000E+00
   40.075  0.000E+00  0.000E+00  0.000E+00  0.000E+00  0.000E+00  0.000E+00
   40.125  0.000E+00  0.000E+00  0.000E+00  0.000E+00  0.000E+00  0.000E+00
   40.175  0.000E+00  0.000E+00  0.000E+00  0.000E+00  0.000E+00  0.000E+00
   40.225  0.000E+00  0.433E+00  0.000E+00  0.000E+00  0.000E+00  0.000E+00
   40.275  0.000E+00  0.130E+01  0.000E+00  0.000E+00  0.000E+00  0.000E+00
   40.325  0.000E+00  0.189E+01  0.000E+00  0.000E+00  0.000E+00  0.000E+00
   40.375  0.000E+00  0.220E+01  0.000E+00  0.000E+00  0.000E+00  0.000E+00
   40.425  0.000E+00  0.236E+01  0.000E+00  0.000E+00  0.000E+00  0.000E+00
   40.475  0.000E+00  0.236E+01  0.000E+00  0.000E+00  0.000E+00  0.000E+00
   40.525  0.000E+00  0.236E+01  0.000E+00  0.000E+00  0.000E+00  0.000E+00
   40.575  0.000E+00  0.236E+01  0.000E+00  0.000E+00  0.000E+00  0.000E+00
   40.625  0.000E+00  0.250E+01  0.000E+00  0.000E+00  0.000E+00  0.000E+00
   40.675  0.000E+00  0.278E+01  0.000E+00  0.000E+00  0.000E+00  0.000E+00
   40.725  0.000E+00  0.292E+01  0.000E+00  0.000E+00  0.000E+00  0.000E+00
   40.775  0.000E+00  0.291E+01  0.000E+00  0.000E+00  0.000E+00  0.000E+00
   40.825  0.000E+00  0.319E+01  0.000E+00  0.000E+00  0.000E+00  0.000E+00
   40.875  0.000E+00  0.376E+01  0.000E+00  0.000E+00  0.000E+00  0.000E+00
   40.925  0.000E+00  0.379E+01  0.000E+00  0.000E+00  0.000E+00  0.000E+00
   40.975  0.000E+00  0.286E+01  0.000E+00  0.000E+00  0.000E+00  0.000E+00
   41.025  0.000E+00  0.143E+01  0.000E+00  0.000E+00  0.000E+00  0.000E+00
   41.075  0.000E+00  0.436E+00  0.000E+00  0.000E+00  0.000E+00  0.000E+00
   41.125  0.000E+00  0.453E+00  0.000E+00  0.000E+00  0.000E+00  0.000E+00
   41.175  0.000E+00  0.110E+01  0.000E+00  0.000E+00  0.000E+00  0.000E+00
   41.225  0.000E+00  0.159E+01  0.000E+00  0.000E+00  0.000E+00  0.000E+00
   41.275  0.000E+00  0.156E+01  0.000E+00  0.000E+00  0.000E+00  0.000E+00
   41.325  0.000E+00  0.126E+01  0.000E+00  0.000E+00  0.000E+00  0.000E+00
   41.375  0.000E+00  0.121E+01  0.000E+00  0.000E+00  0.000E+00  0.000E+00
   41.425  0.000E+00  0.139E+01  0.000E+00  0.000E+00  0.000E+00  0.000E+00
   41.475  0.000E+00  0.148E+01  0.000E+00  0.000E+00  0.000E+00  0.000E+00
   41.525  0.000E+00  0.148E+01  0.000E+00  0.000E+00  0.000E+00  0.000E+00
   41.575  0.000E+00  0.148E+01  0.000E+00  0.000E+00  0.000E+00  0.000E+00
   41.625  0.000E+00  0.167E+01  0.000E+00  0.000E+00  0.000E+00  0.000E+00
   41.675  0.000E+00  0.207E+01  0.000E+00  0.000E+00  0.000E+00  0.000E+00
   41.725  0.000E+00  0.231E+01  0.000E+00  0.000E+00  0.000E+00  0.000E+00
   41.775  0.000E+00  0.255E+01  0.000E+00  0.000E+00  0.000E+00  0.000E+00
   41.825  0.000E+00  0.295E+01  0.000E+00  0.000E+00  0.000E+00  0.000E+00
   41.875  0.000E+00  0.314E+01  0.000E+00  0.000E+00  0.000E+00  0.000E+00
   41.925  0.000E+00  0.313E+01  0.000E+00  0.000E+00  0.000E+00  0.000E+00
   41.975  0.000E+00  0.313E+01  0.000E+00  0.000E+00  0.000E+00  0.000E+00
   42.025  0.000E+00  0.284E+01  0.000E+00  0.000E+00  0.000E+00  0.000E+00
   42.075  0.000E+00  0.225E+01  0.000E+00  0.000E+00  0.000E+00  0.000E+00
   42.125  0.000E+00  0.194E+01  0.000E+00  0.000E+00  0.000E+00  0.000E+00
   42.175  0.000E+00  0.193E+01  0.000E+00  0.000E+00  0.000E+00  0.000E+00
   42.225  0.000E+00  0.193E+01  0.000E+00  0.000E+00  0.000E+00  0.000E+00
   42.275  0.000E+00  0.192E+01  0.000E+00  0.000E+00  0.000E+00  0.000E+00
   42.325  0.000E+00  0.188E+01  0.000E+00  0.000E+00  0.000E+00  0.000E+00
   42.375  0.000E+00  0.191E+01  0.000E+00  0.000E+00  0.000E+00  0.000E+00
   42.425  0.000E+00  0.199E+01  0.000E+00  0.000E+00  0.000E+00  0.000E+00
   42.475  0.000E+00  0.202E+01  0.000E+00  0.000E+00  0.000E+00  0.000E+00
   42.525  0.000E+00  0.192E+01  0.000E+00  0.000E+00  0.000E+00  0.000E+00
   42.575  0.000E+00  0.179E+01  0.000E+00  0.000E+00  0.000E+00  0.000E+00
   42.625  0.000E+00  0.175E+01  0.000E+00  0.000E+00  0.000E+00  0.000E+00
   42.675  0.000E+00  0.178E+01  0.000E+00  0.000E+00  0.000E+00  0.000E+00
   42.725  0.000E+00  0.180E+01  0.000E+00  0.000E+00  0.000E+00  0.000E+00
   42.775  0.000E+00  0.183E+01  0.000E+00  0.000E+00  0.000E+00  0.000E+00
   42.825  0.000E+00  0.190E+01  0.000E+00  0.000E+00  0.000E+00  0.000E+00
   42.875  0.000E+00  0.193E+01  0.000E+00  0.000E+00  0.000E+00  0.000E+00
   42.925  0.000E+00  0.193E+01  0.000E+00  0.000E+00  0.000E+00  0.000E+00
   42.975  0.000E+00  0.193E+01  0.000E+00  0.000E+00  0.000E+00  0.000E+00
   43.025  0.000E+00  0.189E+01  0.000E+00  0.000E+00  0.000E+00  0.000E+00
   43.075  0.000E+00  0.136E+01  0.000E+00  0.000E+00  0.000E+00  0.000E+00
   43.125  0.000E+00  0.440E+00  0.000E+00  0.000E+00  0.000E+00  0.000E+00
   43.175  0.000E+00  0.000E+00  0.000E+00  0.000E+00  0.000E+00  0.000E+00
   43.225  0.000E+00  0.000E+00  0.000E+00  0.000E+00  0.000E+00  0.000E+00
   43.275  0.000E+00  0.000E+00  0.000E+00  0.000E+00  0.000E+00  0.000E+00
   43.325  0.000E+00  0.000E+00  0.000E+00  0.000E+00  0.000E+00  0.000E+00
   43.375  0.000E+00  0.000E+00  0.000E+00  0.000E+00  0.000E+00  0.000E+00
   43.425  0.000E+00  0.507E+00  0.000E+00  0.000E+00  0.000E+00  0.000E+00
   43.475  0.000E+00  0.152E+01  0.000E+00  0.000E+00  0.000E+00  0.000E+00
   43.525  0.000E+00  0.203E+01  0.000E+00  0.000E+00  0.000E+00  0.000E+00
   43.575  0.000E+00  0.203E+01  0.000E+00  0.000E+00  0.000E+00  0.000E+00
   43.625  0.000E+00  0.203E+01  0.000E+00  0.000E+00  0.000E+00  0.000E+00
   43.675  0.000E+00  0.240E+01  0.000E+00  0.000E+00  0.000E+00  0.000E+00
   43.725  0.000E+00  0.329E+01  0.000E+00  0.000E+00  0.000E+00  0.000E+00
   43.775  0.000E+00  0.384E+01  0.000E+00  0.000E+00  0.000E+00  0.000E+00
   43.825  0.000E+00  0.332E+01  0.000E+00  0.000E+00  0.000E+00  0.000E+00
   43.875  0.000E+00  0.222E+01  0.000E+00  0.000E+00  0.000E+00  0.000E+00
   43.925  0.000E+00  0.161E+01  0.000E+00  0.000E+00  0.000E+00  0.000E+00
   43.975  0.000E+00  0.224E+01  0.000E+00  0.000E+00  0.000E+00  0.000E+00
   44.025  0.000E+00  0.383E+01  0.000E+00  0.000E+00  0.000E+00  0.000E+00
   44.075  0.000E+00  0.447E+01  0.000E+00  0.000E+00  0.000E+00  0.000E+00
   44.125  0.000E+00  0.299E+01  0.000E+00  0.000E+00  0.000E+00  0.000E+00
   44.175  0.000E+00  0.868E+00  0.000E+00  0.000E+00  0.000E+00  0.000E+00
   44.225  0.000E+00  0.000E+00  0.000E+00  0.000E+00  0.000E+00  0.000E+00
   44.275  0.000E+00  0.000E+00  0.000E+00  0.000E+00  0.000E+00  0.000E+00
   44.325  0.000E+00  0.000E+00  0.000E+00  0.000E+00  0.000E+00  0.000E+00
   44.375  0.000E+00  0.412E+00  0.000E+00  0.000E+00  0.000E+00  0.000E+00
   44.425  0.000E+00  0.137E+01  0.000E+00  0.000E+00  0.000E+00  0.000E+00
   44.475  0.000E+00  0.192E+01  0.000E+00  0.000E+00  0.000E+00  0.000E+00
   44.525  0.000E+00  0.137E+01  0.000E+00  0.000E+00  0.000E+00  0.000E+00
   44.575  0.000E+00  0.412E+00  0.000E+00  0.000E+00  0.000E+00  0.000E+00
   44.625  0.000E+00  0.000E+00  0.000E+00  0.000E+00  0.000E+00  0.000E+00
   44.675  0.000E+00  0.000E+00  0.000E+00  0.000E+00  0.000E+00  0.000E+00
   44.725  0.000E+00  0.000E+00  0.000E+00  0.000E+00  0.000E+00  0.000E+00
   44.775  0.000E+00  0.000E+00  0.000E+00  0.000E+00  0.000E+00  0.000E+00
   44.825  0.000E+00  0.000E+00  0.000E+00  0.000E+00  0.000E+00  0.000E+00
   44.875  0.000E+00  0.000E+00  0.000E+00  0.000E+00  0.000E+00  0.000E+00
   44.925  0.000E+00  0.000E+00  0.000E+00  0.000E+00  0.000E+00  0.000E+00
   44.975  0.000E+00  0.000E+00  0.000E+00  0.000E+00  0.000E+00  0.000E+00
   45.025  0.000E+00  0.000E+00  0.000E+00  0.000E+00  0.000E+00  0.000E+00
   45.075  0.000E+00  0.000E+00  0.000E+00  0.000E+00  0.000E+00  0.000E+00
   45.125  0.000E+00  0.000E+00  0.000E+00  0.000E+00  0.000E+00  0.000E+00
   45.175  0.000E+00  0.000E+00  0.000E+00  0.000E+00  0.000E+00  0.000E+00
   45.225  0.000E+00  0.000E+00  0.000E+00  0.000E+00  0.000E+00  0.000E+00
   45.275  0.000E+00  0.000E+00  0.000E+00  0.000E+00  0.000E+00  0.000E+00
   45.325  0.000E+00  0.450E+00  0.000E+00  0.000E+00  0.000E+00  0.000E+00
   45.375  0.000E+00  0.150E+01  0.000E+00  0.000E+00  0.000E+00  0.000E+00
   45.425  0.000E+00  0.210E+01  0.000E+00  0.000E+00  0.000E+00  0.000E+00
   45.475  0.000E+00  0.150E+01  0.000E+00  0.000E+00  0.000E+00  0.000E+00
   45.525  0.000E+00  0.450E+00  0.000E+00  0.000E+00  0.000E+00  0.000E+00
   45.575  0.000E+00  0.000E+00  0.000E+00  0.000E+00  0.000E+00  0.000E+00
   45.625  0.000E+00  0.000E+00  0.000E+00  0.000E+00  0.000E+00  0.000E+00
   45.675  0.000E+00  0.000E+00  0.000E+00  0.000E+00  0.000E+00  0.000E+00
   45.725  0.000E+00  0.000E+00  0.000E+00  0.000E+00  0.000E+00  0.000E+00
   45.775  0.000E+00  0.000E+00  0.000E+00  0.000E+00  0.000E+00  0.000E+00
   45.825  0.000E+00  0.495E+00  0.000E+00  0.000E+00  0.000E+00  0.000E+00
   45.875  0.000E+00  0.148E+01  0.000E+00  0.000E+00  0.000E+00  0.000E+00
   45.925  0.000E+00  0.198E+01  0.000E+00  0.000E+00  0.000E+00  0.000E+00
   45.975  0.000E+00  0.198E+01  0.000E+00  0.000E+00  0.000E+00  0.000E+00
   46.025  0.000E+00  0.149E+01  0.000E+00  0.000E+00  0.000E+00  0.000E+00
   46.075  0.000E+00  0.509E+00  0.000E+00  0.000E+00  0.000E+00  0.000E+00
   46.125  0.000E+00  0.185E-01  0.000E+00  0.000E+00  0.000E+00  0.000E+00
   46.175  0.000E+00  0.139E-01  0.000E+00  0.000E+00  0.000E+00  0.000E+00
   46.225  0.000E+00  0.462E-02  0.000E+00  0.000E+00  0.000E+00  0.000E+00
   46.275  0.000E+00  0.000E+00  0.000E+00  0.000E+00  0.000E+00  0.000E+00
   46.325  0.000E+00  0.000E+00  0.000E+00  0.000E+00  0.000E+00  0.000E+00
   46.375  0.000E+00  0.000E+00  0.000E+00  0.000E+00  0.000E+00  0.000E+00
   46.425  0.000E+00  0.000E+00  0.000E+00  0.000E+00  0.000E+00  0.000E+00
   46.475  0.000E+00  0.000E+00  0.000E+00  0.000E+00  0.000E+00  0.000E+00
   46.525  0.000E+00  0.552E-02  0.000E+00  0.000E+00  0.000E+00  0.000E+00
   46.575  0.000E+00  0.184E-01  0.000E+00  0.000E+00  0.000E+00  0.000E+00
   46.625  0.000E+00  0.258E-01  0.000E+00  0.000E+00  0.000E+00  0.000E+00
   46.675  0.000E+00  0.184E-01  0.000E+00  0.000E+00  0.000E+00  0.000E+00
   46.725  0.000E+00  0.552E-02  0.000E+00  0.000E+00  0.000E+00  0.000E+00
   46.775  0.000E+00  0.000E+00  0.000E+00  0.000E+00  0.000E+00  0.000E+00
   46.825  0.000E+00  0.000E+00  0.000E+00  0.000E+00  0.000E+00  0.000E+00
   46.875  0.000E+00  0.000E+00  0.000E+00  0.000E+00  0.000E+00  0.000E+00
   46.925  0.000E+00  0.430E+00  0.000E+00  0.000E+00  0.000E+00  0.000E+00
   46.975  0.000E+00  0.143E+01  0.000E+00  0.000E+00  0.000E+00  0.000E+00
   47.025  0.000E+00  0.200E+01  0.000E+00  0.000E+00  0.000E+00  0.000E+00
   47.075  0.000E+00  0.143E+01  0.000E+00  0.000E+00  0.000E+00  0.000E+00
   47.125  0.000E+00  0.430E+00  0.000E+00  0.000E+00  0.000E+00  0.000E+00
   47.175  0.000E+00  0.000E+00  0.000E+00  0.000E+00  0.000E+00  0.000E+00
   47.225  0.000E+00  0.000E+00  0.000E+00  0.000E+00  0.000E+00  0.000E+00
   47.275  0.000E+00  0.000E+00  0.000E+00  0.000E+00  0.000E+00  0.000E+00
   47.325  0.000E+00  0.000E+00  0.000E+00  0.000E+00  0.000E+00  0.000E+00
   47.375  0.000E+00  0.000E+00  0.000E+00  0.000E+00  0.000E+00  0.000E+00
   47.425  0.000E+00  0.000E+00  0.000E+00  0.000E+00  0.000E+00  0.000E+00
   47.475  0.000E+00  0.472E+00  0.000E+00  0.000E+00  0.000E+00  0.000E+00
   47.525  0.000E+00  0.142E+01  0.000E+00  0.000E+00  0.000E+00  0.000E+00
   47.575  0.000E+00  0.189E+01  0.000E+00  0.000E+00  0.000E+00  0.000E+00
   47.625  0.000E+00  0.189E+01  0.000E+00  0.000E+00  0.000E+00  0.000E+00
   47.675  0.000E+00  0.142E+01  0.000E+00  0.000E+00  0.000E+00  0.000E+00
   47.725  0.000E+00  0.472E+00  0.000E+00  0.000E+00  0.000E+00  0.000E+00
   47.775  0.000E+00  0.000E+00  0.000E+00  0.000E+00  0.000E+00  0.000E+00
   47.825  0.000E+00  0.000E+00  0.000E+00  0.000E+00  0.000E+00  0.000E+00
   47.875  0.000E+00  0.000E+00  0.000E+00  0.000E+00  0.000E+00  0.000E+00
   47.925  0.000E+00  0.000E+00  0.000E+00  0.000E+00  0.000E+00  0.000E+00
   47.975  0.000E+00  0.000E+00  0.000E+00  0.000E+00  0.000E+00  0.000E+00
   48.025  0.000E+00  0.000E+00  0.000E+00  0.000E+00  0.000E+00  0.000E+00
   48.075  0.000E+00  0.000E+00  0.000E+00  0.000E+00  0.000E+00  0.000E+00
   48.125  0.000E+00  0.000E+00  0.000E+00  0.000E+00  0.000E+00  0.000E+00
   48.175  0.000E+00  0.000E+00  0.000E+00  0.000E+00  0.000E+00  0.000E+00
   48.225  0.000E+00  0.592E+00  0.000E+00  0.000E+00  0.000E+00  0.000E+00
   48.275  0.000E+00  0.197E+01  0.000E+00  0.000E+00  0.000E+00  0.000E+00
   48.325  0.000E+00  0.276E+01  0.000E+00  0.000E+00  0.000E+00  0.000E+00
   48.375  0.000E+00  0.197E+01  0.000E+00  0.000E+00  0.000E+00  0.000E+00
   48.425  0.000E+00  0.592E+00  0.000E+00  0.000E+00  0.000E+00  0.000E+00
   48.475  0.000E+00  0.000E+00  0.000E+00  0.000E+00  0.000E+00  0.000E+00
   48.525  0.000E+00  0.000E+00  0.000E+00  0.000E+00  0.000E+00  0.000E+00
   48.575  0.000E+00  0.000E+00  0.000E+00  0.000E+00  0.000E+00  0.000E+00
   48.625  0.000E+00  0.000E+00  0.000E+00  0.000E+00  0.000E+00  0.000E+00
   48.675  0.000E+00  0.000E+00  0.000E+00  0.000E+00  0.000E+00  0.000E+00
   48.725  0.000E+00  0.000E+00  0.000E+00  0.000E+00  0.000E+00  0.000E+00
   48.775  0.000E+00  0.000E+00  0.000E+00  0.000E+00  0.000E+00  0.000E+00
   48.825  0.000E+00  0.000E+00  0.000E+00  0.000E+00  0.000E+00  0.000E+00
   48.875  0.000E+00  0.000E+00  0.000E+00  0.000E+00  0.000E+00  0.000E+00
   48.925  0.000E+00  0.000E+00  0.000E+00  0.000E+00  0.000E+00  0.000E+00
   48.975  0.000E+00  0.000E+00  0.000E+00  0.000E+00  0.000E+00  0.000E+00
   49.025  0.000E+00  0.000E+00  0.000E+00  0.000E+00  0.000E+00  0.000E+00
   49.075  0.000E+00  0.000E+00  0.000E+00  0.000E+00  0.000E+00  0.000E+00
   49.125  0.000E+00  0.000E+00  0.000E+00  0.000E+00  0.000E+00  0.000E+00
   49.175  0.000E+00  0.000E+00  0.000E+00  0.000E+00  0.000E+00  0.000E+00
   49.225  0.000E+00  0.000E+00  0.000E+00  0.000E+00  0.000E+00  0.000E+00
   49.275  0.000E+00  0.000E+00  0.000E+00  0.000E+00  0.000E+00  0.000E+00
   49.325  0.000E+00  0.000E+00  0.000E+00  0.000E+00  0.000E+00  0.000E+00
   49.375  0.000E+00  0.129E+01  0.000E+00  0.000E+00  0.000E+00  0.000E+00
   49.425  0.000E+00  0.388E+01  0.000E+00  0.000E+00  0.000E+00  0.000E+00
   49.475  0.000E+00  0.388E+01  0.000E+00  0.000E+00  0.000E+00  0.000E+00
   49.525  0.000E+00  0.129E+01  0.000E+00  0.000E+00  0.000E+00  0.000E+00
   49.575  0.000E+00  0.000E+00  0.000E+00  0.000E+00  0.000E+00  0.000E+00
   49.625  0.000E+00  0.000E+00  0.000E+00  0.000E+00  0.000E+00  0.000E+00
   49.675  0.000E+00  0.000E+00  0.000E+00  0.000E+00  0.000E+00  0.000E+00
   49.725  0.000E+00  0.000E+00  0.000E+00  0.000E+00  0.000E+00  0.000E+00
   49.775  0.000E+00  0.000E+00  0.000E+00  0.000E+00  0.000E+00  0.000E+00
   49.825  0.000E+00  0.000E+00  0.000E+00  0.000E+00  0.000E+00  0.000E+00
   49.875  0.000E+00  0.000E+00  0.000E+00  0.000E+00  0.000E+00  0.000E+00
   49.925  0.000E+00  0.000E+00  0.000E+00  0.000E+00  0.000E+00  0.000E+00
   49.975  0.000E+00  0.000E+00  0.000E+00  0.000E+00  0.000E+00  0.000E+00
